(1, 1, 1, 1),0,[0, 10000, 0.0]
(1, 1, 1, 1),1,[-207950, 10000, -20.795]
(1, 1, 1, 1),2,[-208225, 10000, -20.8225]
(1, 1, 1, 1),3,[-356373, 10000, -35.6373]
(1, 1, 1, 1),4,[-207900, 10000, -20.79]
(1, 1, 1, 1),5,[-356821, 10000, -35.6821]
(1, 1, 1, 1),6,[-357700, 10000, -35.77]
(1, 1, 1, 1),7,[-277282, 10000, -27.7282]
(1, 1, 1, 1),8,[-207275, 10000, -20.7275]
(1, 1, 1, 1),9,[-356747, 10000, -35.6747]
(1, 1, 1, 1),10,[-355348, 10000, -35.5348]
(1, 1, 1, 1),11,[-276684, 10000, -27.6684]
(1, 1, 1, 1),12,[-357109, 10000, -35.7109]
(1, 1, 1, 1),13,[-276410, 10000, -27.641]
(1, 1, 1, 1),14,[-282653, 10000, -28.2653]
(1, 1, 1, 1),15,[-283897, 10000, -28.3897]
(1, 1, 1, 2),0,[0, 10000, 0.0]
(1, 1, 1, 2),1,[-137836, 10000, -13.7836]
(1, 1, 1, 2),2,[-137398, 10000, -13.7398]
(1, 1, 1, 2),3,[-12362, 10000, -1.2362]
(1, 1, 1, 2),4,[-136832, 10000, -13.6832]
(1, 1, 1, 2),5,[-11501, 10000, -1.1501]
(1, 1, 1, 2),6,[-17029, 10000, -1.7029]
(1, 1, 1, 2),7,[-38394, 10000, -3.8394]
(1, 1, 1, 2),8,[39975, 10000, 3.9975]
(1, 1, 1, 2),9,[-106470, 10000, -10.647]
(1, 1, 1, 2),10,[-108367, 10000, -10.8367]
(1, 1, 1, 2),11,[-30384, 10000, -3.0384]
(1, 1, 1, 2),12,[-107533, 10000, -10.7533]
(1, 1, 1, 2),13,[-29213, 10000, -2.9213]
(1, 1, 1, 2),14,[-30213, 10000, -3.0213]
(1, 1, 1, 2),15,[-32521, 10000, -3.2521]
(1, 1, 1, 3),0,[0, 10000, 0.0]
(1, 1, 1, 3),1,[-135836, 10000, -13.5836]
(1, 1, 1, 3),2,[-137090, 10000, -13.709]
(1, 1, 1, 3),3,[-16069, 10000, -1.6069]
(1, 1, 1, 3),4,[-136942, 10000, -13.6942]
(1, 1, 1, 3),5,[-15446, 10000, -1.5446]
(1, 1, 1, 3),6,[-11607, 10000, -1.1607]
(1, 1, 1, 3),7,[-35600, 10000, -3.56]
(1, 1, 1, 3),8,[40800, 10000, 4.08]
(1, 1, 1, 3),9,[-106555, 10000, -10.6555]
(1, 1, 1, 3),10,[-108537, 10000, -10.8537]
(1, 1, 1, 3),11,[-28404, 10000, -2.8404]
(1, 1, 1, 3),12,[-106031, 10000, -10.6031]
(1, 1, 1, 3),13,[-32565, 10000, -3.2565]
(1, 1, 1, 3),14,[-30779, 10000, -3.0779]
(1, 1, 1, 3),15,[-33852, 10000, -3.3852]
(1, 1, 1, 4),0,[0, 10000, 0.0]
(1, 1, 1, 4),1,[-137152, 10000, -13.7152]
(1, 1, 1, 4),2,[-135888, 10000, -13.5888]
(1, 1, 1, 4),3,[-12810, 10000, -1.281]
(1, 1, 1, 4),4,[-136920, 10000, -13.692]
(1, 1, 1, 4),5,[-16134, 10000, -1.6134]
(1, 1, 1, 4),6,[-9467, 10000, -0.9467]
(1, 1, 1, 4),7,[-39796, 10000, -3.9796]
(1, 1, 1, 4),8,[41475, 10000, 4.1475]
(1, 1, 1, 4),9,[-107472, 10000, -10.7472]
(1, 1, 1, 4),10,[-105358, 10000, -10.5358]
(1, 1, 1, 4),11,[-31875, 10000, -3.1875]
(1, 1, 1, 4),12,[-105424, 10000, -10.5424]
(1, 1, 1, 4),13,[-30829, 10000, -3.0829]
(1, 1, 1, 4),14,[-32574, 10000, -3.2574]
(1, 1, 1, 4),15,[-37872, 10000, -3.7872]
(1, 1, 1, 5),0,[0, 10000, 0.0]
(1, 1, 1, 5),1,[-136706, 10000, -13.6706]
(1, 1, 1, 5),2,[-136648, 10000, -13.6648]
(1, 1, 1, 5),3,[-15728, 10000, -1.5728]
(1, 1, 1, 5),4,[-136384, 10000, -13.6384]
(1, 1, 1, 5),5,[-15305, 10000, -1.5305]
(1, 1, 1, 5),6,[-12292, 10000, -1.2292]
(1, 1, 1, 5),7,[-39633, 10000, -3.9633]
(1, 1, 1, 5),8,[41600, 10000, 4.16]
(1, 1, 1, 5),9,[-107445, 10000, -10.7445]
(1, 1, 1, 5),10,[-107591, 10000, -10.7591]
(1, 1, 1, 5),11,[-30841, 10000, -3.0841]
(1, 1, 1, 5),12,[-106901, 10000, -10.6901]
(1, 1, 1, 5),13,[-28528, 10000, -2.8528]
(1, 1, 1, 5),14,[-23685, 10000, -2.3685]
(1, 1, 1, 5),15,[-35564, 10000, -3.5564]
(1, 1, 1, 6),0,[0, 10000, 0.0]
(1, 1, 1, 6),1,[-135806, 10000, -13.5806]
(1, 1, 1, 6),2,[-135674, 10000, -13.5674]
(1, 1, 1, 6),3,[-13964, 10000, -1.3964]
(1, 1, 1, 6),4,[-136900, 10000, -13.69]
(1, 1, 1, 6),5,[-14932, 10000, -1.4932]
(1, 1, 1, 6),6,[-17231, 10000, -1.7231]
(1, 1, 1, 6),7,[-42372, 10000, -4.2372]
(1, 1, 1, 6),8,[41825, 10000, 4.1825]
(1, 1, 1, 6),9,[-106940, 10000, -10.694]
(1, 1, 1, 6),10,[-107168, 10000, -10.7168]
(1, 1, 1, 6),11,[-31815, 10000, -3.1815]
(1, 1, 1, 6),12,[-107585, 10000, -10.7585]
(1, 1, 1, 6),13,[-28285, 10000, -2.8285]
(1, 1, 1, 6),14,[-29038, 10000, -2.9038]
(1, 1, 1, 6),15,[-39635, 10000, -3.9635]
(1, 1, 2, 2),0,[0, 10000, 0.0]
(1, 1, 2, 2),1,[-56615, 10000, -5.6615]
(1, 1, 2, 2),2,[-58385, 10000, -5.8385]
(1, 1, 2, 2),3,[-38785, 10000, -3.8785]
(1, 1, 2, 2),4,[-37674, 10000, -3.7674]
(1, 1, 2, 2),5,[87181, 10000, 8.7181]
(1, 1, 2, 2),6,[90284, 10000, 9.0284]
(1, 1, 2, 2),7,[59633, 10000, 5.9633]
(1, 1, 2, 2),8,[-37126, 10000, -3.7126]
(1, 1, 2, 2),9,[86183, 10000, 8.6183]
(1, 1, 2, 2),10,[86964, 10000, 8.6964]
(1, 1, 2, 2),11,[57083, 10000, 5.7083]
(1, 1, 2, 2),12,[-8255, 10000, -0.8255]
(1, 1, 2, 2),13,[69492, 10000, 6.9492]
(1, 1, 2, 2),14,[68991, 10000, 6.8991]
(1, 1, 2, 2),15,[61259, 10000, 6.1259]
(1, 1, 2, 3),0,[0, 10000, 0.0]
(1, 1, 2, 3),1,[232430, 10000, 23.243]
(1, 1, 2, 3),2,[225486, 10000, 22.5486]
(1, 1, 2, 3),3,[154233, 10000, 15.4233]
(1, 1, 2, 3),4,[43476, 10000, 4.3476]
(1, 1, 2, 3),5,[167394, 10000, 16.7394]
(1, 1, 2, 3),6,[167751, 10000, 16.7751]
(1, 1, 2, 3),7,[143439, 10000, 14.3439]
(1, 1, 2, 3),8,[42844, 10000, 4.2844]
(1, 1, 2, 3),9,[168787, 10000, 16.8787]
(1, 1, 2, 3),10,[163217, 10000, 16.3217]
(1, 1, 2, 3),11,[139328, 10000, 13.9328]
(1, 1, 2, 3),12,[72919, 10000, 7.2919]
(1, 1, 2, 3),13,[152190, 10000, 15.219]
(1, 1, 2, 3),14,[151776, 10000, 15.1776]
(1, 1, 2, 3),15,[144005, 10000, 14.4005]
(1, 1, 2, 4),0,[0, 10000, 0.0]
(1, 1, 2, 4),1,[234452, 10000, 23.4452]
(1, 1, 2, 4),2,[232648, 10000, 23.2648]
(1, 1, 2, 4),3,[157489, 10000, 15.7489]
(1, 1, 2, 4),4,[44076, 10000, 4.4076]
(1, 1, 2, 4),5,[164225, 10000, 16.4225]
(1, 1, 2, 4),6,[163670, 10000, 16.367]
(1, 1, 2, 4),7,[139980, 10000, 13.998]
(1, 1, 2, 4),8,[43364, 10000, 4.3364]
(1, 1, 2, 4),9,[169396, 10000, 16.9396]
(1, 1, 2, 4),10,[170369, 10000, 17.0369]
(1, 1, 2, 4),11,[142922, 10000, 14.2922]
(1, 1, 2, 4),12,[74055, 10000, 7.4055]
(1, 1, 2, 4),13,[148992, 10000, 14.8992]
(1, 1, 2, 4),14,[151947, 10000, 15.1947]
(1, 1, 2, 4),15,[137460, 10000, 13.746]
(1, 1, 2, 5),0,[0, 10000, 0.0]
(1, 1, 2, 5),1,[230870, 10000, 23.087]
(1, 1, 2, 5),2,[233412, 10000, 23.3412]
(1, 1, 2, 5),3,[157130, 10000, 15.713]
(1, 1, 2, 5),4,[42772, 10000, 4.2772]
(1, 1, 2, 5),5,[167652, 10000, 16.7652]
(1, 1, 2, 5),6,[168961, 10000, 16.8961]
(1, 1, 2, 5),7,[138766, 10000, 13.8766]
(1, 1, 2, 5),8,[43344, 10000, 4.3344]
(1, 1, 2, 5),9,[163676, 10000, 16.3676]
(1, 1, 2, 5),10,[163987, 10000, 16.3987]
(1, 1, 2, 5),11,[140554, 10000, 14.0554]
(1, 1, 2, 5),12,[72398, 10000, 7.2398]
(1, 1, 2, 5),13,[152984, 10000, 15.2984]
(1, 1, 2, 5),14,[150952, 10000, 15.0952]
(1, 1, 2, 5),15,[142119, 10000, 14.2119]
(1, 1, 2, 6),0,[0, 10000, 0.0]
(1, 1, 2, 6),1,[233492, 10000, 23.3492]
(1, 1, 2, 6),2,[237108, 10000, 23.7108]
(1, 1, 2, 6),3,[156795, 10000, 15.6795]
(1, 1, 2, 6),4,[42416, 10000, 4.2416]
(1, 1, 2, 6),5,[169868, 10000, 16.9868]
(1, 1, 2, 6),6,[166053, 10000, 16.6053]
(1, 1, 2, 6),7,[145508, 10000, 14.5508]
(1, 1, 2, 6),8,[43106, 10000, 4.3106]
(1, 1, 2, 6),9,[166087, 10000, 16.6087]
(1, 1, 2, 6),10,[165168, 10000, 16.5168]
(1, 1, 2, 6),11,[138826, 10000, 13.8826]
(1, 1, 2, 6),12,[72179, 10000, 7.2179]
(1, 1, 2, 6),13,[149460, 10000, 14.946]
(1, 1, 2, 6),14,[153972, 10000, 15.3972]
(1, 1, 2, 6),15,[142696, 10000, 14.2696]
(1, 1, 3, 3),0,[0, 10000, 0.0]
(1, 1, 3, 3),1,[-57840, 10000, -5.784]
(1, 1, 3, 3),2,[-56980, 10000, -5.698]
(1, 1, 3, 3),3,[-39090, 10000, -3.909]
(1, 1, 3, 3),4,[-37090, 10000, -3.709]
(1, 1, 3, 3),5,[87436, 10000, 8.7436]
(1, 1, 3, 3),6,[83561, 10000, 8.3561]
(1, 1, 3, 3),7,[56356, 10000, 5.6356]
(1, 1, 3, 3),8,[-36528, 10000, -3.6528]
(1, 1, 3, 3),9,[89261, 10000, 8.9261]
(1, 1, 3, 3),10,[87506, 10000, 8.7506]
(1, 1, 3, 3),11,[61592, 10000, 6.1592]
(1, 1, 3, 3),12,[-5987, 10000, -0.5987]
(1, 1, 3, 3),13,[71251, 10000, 7.1251]
(1, 1, 3, 3),14,[65399, 10000, 6.5399]
(1, 1, 3, 3),15,[58360, 10000, 5.836]
(1, 1, 3, 4),0,[0, 10000, 0.0]
(1, 1, 3, 4),1,[229926, 10000, 22.9926]
(1, 1, 3, 4),2,[231498, 10000, 23.1498]
(1, 1, 3, 4),3,[155799, 10000, 15.5799]
(1, 1, 3, 4),4,[43992, 10000, 4.3992]
(1, 1, 3, 4),5,[169616, 10000, 16.9616]
(1, 1, 3, 4),6,[166512, 10000, 16.6512]
(1, 1, 3, 4),7,[140901, 10000, 14.0901]
(1, 1, 3, 4),8,[41486, 10000, 4.1486]
(1, 1, 3, 4),9,[163743, 10000, 16.3743]
(1, 1, 3, 4),10,[169893, 10000, 16.9893]
(1, 1, 3, 4),11,[141253, 10000, 14.1253]
(1, 1, 3, 4),12,[70956, 10000, 7.0956]
(1, 1, 3, 4),13,[147831, 10000, 14.7831]
(1, 1, 3, 4),14,[150312, 10000, 15.0312]
(1, 1, 3, 4),15,[138108, 10000, 13.8108]
(1, 1, 3, 5),0,[0, 10000, 0.0]
(1, 1, 3, 5),1,[230742, 10000, 23.0742]
(1, 1, 3, 5),2,[231632, 10000, 23.1632]
(1, 1, 3, 5),3,[158269, 10000, 15.8269]
(1, 1, 3, 5),4,[43456, 10000, 4.3456]
(1, 1, 3, 5),5,[162853, 10000, 16.2853]
(1, 1, 3, 5),6,[165959, 10000, 16.5959]
(1, 1, 3, 5),7,[142484, 10000, 14.2484]
(1, 1, 3, 5),8,[43072, 10000, 4.3072]
(1, 1, 3, 5),9,[165426, 10000, 16.5426]
(1, 1, 3, 5),10,[165702, 10000, 16.5702]
(1, 1, 3, 5),11,[139428, 10000, 13.9428]
(1, 1, 3, 5),12,[73552, 10000, 7.3552]
(1, 1, 3, 5),13,[152897, 10000, 15.2897]
(1, 1, 3, 5),14,[144718, 10000, 14.4718]
(1, 1, 3, 5),15,[141605, 10000, 14.1605]
(1, 1, 3, 6),0,[0, 10000, 0.0]
(1, 1, 3, 6),1,[232528, 10000, 23.2528]
(1, 1, 3, 6),2,[237338, 10000, 23.7338]
(1, 1, 3, 6),3,[153219, 10000, 15.3219]
(1, 1, 3, 6),4,[43522, 10000, 4.3522]
(1, 1, 3, 6),5,[169721, 10000, 16.9721]
(1, 1, 3, 6),6,[166816, 10000, 16.6816]
(1, 1, 3, 6),7,[140795, 10000, 14.0795]
(1, 1, 3, 6),8,[43428, 10000, 4.3428]
(1, 1, 3, 6),9,[167451, 10000, 16.7451]
(1, 1, 3, 6),10,[167641, 10000, 16.7641]
(1, 1, 3, 6),11,[138148, 10000, 13.8148]
(1, 1, 3, 6),12,[71786, 10000, 7.1786]
(1, 1, 3, 6),13,[148023, 10000, 14.8023]
(1, 1, 3, 6),14,[152506, 10000, 15.2506]
(1, 1, 3, 6),15,[144596, 10000, 14.4596]
(1, 1, 4, 4),0,[0, 10000, 0.0]
(1, 1, 4, 4),1,[-58755, 10000, -5.8755]
(1, 1, 4, 4),2,[-57925, 10000, -5.7925]
(1, 1, 4, 4),3,[-37700, 10000, -3.77]
(1, 1, 4, 4),4,[-37638, 10000, -3.7638]
(1, 1, 4, 4),5,[84340, 10000, 8.434]
(1, 1, 4, 4),6,[89434, 10000, 8.9434]
(1, 1, 4, 4),7,[62201, 10000, 6.2201]
(1, 1, 4, 4),8,[-36186, 10000, -3.6186]
(1, 1, 4, 4),9,[85236, 10000, 8.5236]
(1, 1, 4, 4),10,[84851, 10000, 8.4851]
(1, 1, 4, 4),11,[62138, 10000, 6.2138]
(1, 1, 4, 4),12,[-5737, 10000, -0.5737]
(1, 1, 4, 4),13,[68377, 10000, 6.8377]
(1, 1, 4, 4),14,[72944, 10000, 7.2944]
(1, 1, 4, 4),15,[58675, 10000, 5.8675]
(1, 1, 4, 5),0,[0, 10000, 0.0]
(1, 1, 4, 5),1,[232322, 10000, 23.2322]
(1, 1, 4, 5),2,[234298, 10000, 23.4298]
(1, 1, 4, 5),3,[162975, 10000, 16.2975]
(1, 1, 4, 5),4,[43548, 10000, 4.3548]
(1, 1, 4, 5),5,[163410, 10000, 16.341]
(1, 1, 4, 5),6,[165167, 10000, 16.5167]
(1, 1, 4, 5),7,[139122, 10000, 13.9122]
(1, 1, 4, 5),8,[43248, 10000, 4.3248]
(1, 1, 4, 5),9,[165195, 10000, 16.5195]
(1, 1, 4, 5),10,[165990, 10000, 16.599]
(1, 1, 4, 5),11,[137245, 10000, 13.7245]
(1, 1, 4, 5),12,[71513, 10000, 7.1513]
(1, 1, 4, 5),13,[149501, 10000, 14.9501]
(1, 1, 4, 5),14,[150642, 10000, 15.0642]
(1, 1, 4, 5),15,[138679, 10000, 13.8679]
(1, 1, 4, 6),0,[0, 10000, 0.0]
(1, 1, 4, 6),1,[232892, 10000, 23.2892]
(1, 1, 4, 6),2,[230850, 10000, 23.085]
(1, 1, 4, 6),3,[162553, 10000, 16.2553]
(1, 1, 4, 6),4,[42452, 10000, 4.2452]
(1, 1, 4, 6),5,[170521, 10000, 17.0521]
(1, 1, 4, 6),6,[165632, 10000, 16.5632]
(1, 1, 4, 6),7,[136894, 10000, 13.6894]
(1, 1, 4, 6),8,[42634, 10000, 4.2634]
(1, 1, 4, 6),9,[168874, 10000, 16.8874]
(1, 1, 4, 6),10,[165850, 10000, 16.585]
(1, 1, 4, 6),11,[138512, 10000, 13.8512]
(1, 1, 4, 6),12,[74128, 10000, 7.4128]
(1, 1, 4, 6),13,[152639, 10000, 15.2639]
(1, 1, 4, 6),14,[148665, 10000, 14.8665]
(1, 1, 4, 6),15,[139350, 10000, 13.935]
(1, 1, 5, 5),0,[0, 10000, 0.0]
(1, 1, 5, 5),1,[-58485, 10000, -5.8485]
(1, 1, 5, 5),2,[-59185, 10000, -5.9185]
(1, 1, 5, 5),3,[-39525, 10000, -3.9525]
(1, 1, 5, 5),4,[-37724, 10000, -3.7724]
(1, 1, 5, 5),5,[87822, 10000, 8.7822]
(1, 1, 5, 5),6,[84654, 10000, 8.4654]
(1, 1, 5, 5),7,[58542, 10000, 5.8542]
(1, 1, 5, 5),8,[-36338, 10000, -3.6338]
(1, 1, 5, 5),9,[87493, 10000, 8.7493]
(1, 1, 5, 5),10,[84365, 10000, 8.4365]
(1, 1, 5, 5),11,[59789, 10000, 5.9789]
(1, 1, 5, 5),12,[-6558, 10000, -0.6558]
(1, 1, 5, 5),13,[67891, 10000, 6.7891]
(1, 1, 5, 5),14,[72692, 10000, 7.2692]
(1, 1, 5, 5),15,[59147, 10000, 5.9147]
(1, 1, 5, 6),0,[0, 10000, 0.0]
(1, 1, 5, 6),1,[229710, 10000, 22.971]
(1, 1, 5, 6),2,[229256, 10000, 22.9256]
(1, 1, 5, 6),3,[159010, 10000, 15.901]
(1, 1, 5, 6),4,[44318, 10000, 4.4318]
(1, 1, 5, 6),5,[168513, 10000, 16.8513]
(1, 1, 5, 6),6,[169507, 10000, 16.9507]
(1, 1, 5, 6),7,[136277, 10000, 13.6277]
(1, 1, 5, 6),8,[43910, 10000, 4.391]
(1, 1, 5, 6),9,[164740, 10000, 16.474]
(1, 1, 5, 6),10,[167606, 10000, 16.7606]
(1, 1, 5, 6),11,[141226, 10000, 14.1226]
(1, 1, 5, 6),12,[72570, 10000, 7.257]
(1, 1, 5, 6),13,[152341, 10000, 15.2341]
(1, 1, 5, 6),14,[150737, 10000, 15.0737]
(1, 1, 5, 6),15,[140828, 10000, 14.0828]
(1, 1, 6, 6),0,[0, 10000, 0.0]
(1, 1, 6, 6),1,[-58590, 10000, -5.859]
(1, 1, 6, 6),2,[-57040, 10000, -5.704]
(1, 1, 6, 6),3,[-38835, 10000, -3.8835]
(1, 1, 6, 6),4,[-36090, 10000, -3.609]
(1, 1, 6, 6),5,[89044, 10000, 8.9044]
(1, 1, 6, 6),6,[86994, 10000, 8.6994]
(1, 1, 6, 6),7,[58351, 10000, 5.8351]
(1, 1, 6, 6),8,[-37360, 10000, -3.736]
(1, 1, 6, 6),9,[91421, 10000, 9.1421]
(1, 1, 6, 6),10,[85007, 10000, 8.5007]
(1, 1, 6, 6),11,[61572, 10000, 6.1572]
(1, 1, 6, 6),12,[-6114, 10000, -0.6114]
(1, 1, 6, 6),13,[73432, 10000, 7.3432]
(1, 1, 6, 6),14,[70955, 10000, 7.0955]
(1, 1, 6, 6),15,[61458, 10000, 6.1458]
(1, 2, 2, 2),0,[0, 10000, 0.0]
(1, 2, 2, 2),1,[41550, 10000, 4.155]
(1, 2, 2, 2),2,[-108070, 10000, -10.807]
(1, 2, 2, 2),3,[-89080, 10000, -8.908]
(1, 2, 2, 2),4,[-108120, 10000, -10.812]
(1, 2, 2, 2),5,[-89400, 10000, -8.94]
(1, 2, 2, 2),6,[37647, 10000, 3.7647]
(1, 2, 2, 2),7,[7630, 10000, 0.763]
(1, 2, 2, 2),8,[-107995, 10000, -10.7995]
(1, 2, 2, 2),9,[-89710, 10000, -8.971]
(1, 2, 2, 2),10,[33668, 10000, 3.3668]
(1, 2, 2, 2),11,[15999, 10000, 1.5999]
(1, 2, 2, 2),12,[35039, 10000, 3.5039]
(1, 2, 2, 2),13,[6205, 10000, 0.6205]
(1, 2, 2, 2),14,[18321, 10000, 1.8321]
(1, 2, 2, 2),15,[15305, 10000, 1.5305]
(1, 2, 2, 3),0,[0, 10000, 0.0]
(1, 2, 2, 3),1,[34290, 10000, 3.429]
(1, 2, 2, 3),2,[252664, 10000, 25.2664]
(1, 2, 2, 3),3,[179006, 10000, 17.9006]
(1, 2, 2, 3),4,[254486, 10000, 25.4486]
(1, 2, 2, 3),5,[183084, 10000, 18.3084]
(1, 2, 2, 3),6,[185778, 10000, 18.5778]
(1, 2, 2, 3),7,[159584, 10000, 15.9584]
(1, 2, 2, 3),8,[41185, 10000, 4.1185]
(1, 2, 2, 3),9,[62425, 10000, 6.2425]
(1, 2, 2, 3),10,[187001, 10000, 18.7001]
(1, 2, 2, 3),11,[159560, 10000, 15.956]
(1, 2, 2, 3),12,[186938, 10000, 18.6938]
(1, 2, 2, 3),13,[157268, 10000, 15.7268]
(1, 2, 2, 3),14,[170176, 10000, 17.0176]
(1, 2, 2, 3),15,[162420, 10000, 16.242]
(1, 2, 2, 4),0,[0, 10000, 0.0]
(1, 2, 2, 4),1,[33715, 10000, 3.3715]
(1, 2, 2, 4),2,[252160, 10000, 25.216]
(1, 2, 2, 4),3,[178904, 10000, 17.8904]
(1, 2, 2, 4),4,[250690, 10000, 25.069]
(1, 2, 2, 4),5,[179492, 10000, 17.9492]
(1, 2, 2, 4),6,[185263, 10000, 18.5263]
(1, 2, 2, 4),7,[161967, 10000, 16.1967]
(1, 2, 2, 4),8,[41075, 10000, 4.1075]
(1, 2, 2, 4),9,[61850, 10000, 6.185]
(1, 2, 2, 4),10,[187424, 10000, 18.7424]
(1, 2, 2, 4),11,[162391, 10000, 16.2391]
(1, 2, 2, 4),12,[183414, 10000, 18.3414]
(1, 2, 2, 4),13,[160957, 10000, 16.0957]
(1, 2, 2, 4),14,[173248, 10000, 17.3248]
(1, 2, 2, 4),15,[165728, 10000, 16.5728]
(1, 2, 2, 5),0,[0, 10000, 0.0]
(1, 2, 2, 5),1,[33815, 10000, 3.3815]
(1, 2, 2, 5),2,[255174, 10000, 25.5174]
(1, 2, 2, 5),3,[179687, 10000, 17.9687]
(1, 2, 2, 5),4,[252480, 10000, 25.248]
(1, 2, 2, 5),5,[175622, 10000, 17.5622]
(1, 2, 2, 5),6,[185196, 10000, 18.5196]
(1, 2, 2, 5),7,[161021, 10000, 16.1021]
(1, 2, 2, 5),8,[42305, 10000, 4.2305]
(1, 2, 2, 5),9,[62445, 10000, 6.2445]
(1, 2, 2, 5),10,[188660, 10000, 18.866]
(1, 2, 2, 5),11,[158168, 10000, 15.8168]
(1, 2, 2, 5),12,[180077, 10000, 18.0077]
(1, 2, 2, 5),13,[160847, 10000, 16.0847]
(1, 2, 2, 5),14,[167942, 10000, 16.7942]
(1, 2, 2, 5),15,[162865, 10000, 16.2865]
(1, 2, 2, 6),0,[0, 10000, 0.0]
(1, 2, 2, 6),1,[33280, 10000, 3.328]
(1, 2, 2, 6),2,[254172, 10000, 25.4172]
(1, 2, 2, 6),3,[176275, 10000, 17.6275]
(1, 2, 2, 6),4,[248662, 10000, 24.8662]
(1, 2, 2, 6),5,[175614, 10000, 17.5614]
(1, 2, 2, 6),6,[183580, 10000, 18.358]
(1, 2, 2, 6),7,[163218, 10000, 16.3218]
(1, 2, 2, 6),8,[42070, 10000, 4.207]
(1, 2, 2, 6),9,[61240, 10000, 6.124]
(1, 2, 2, 6),10,[183398, 10000, 18.3398]
(1, 2, 2, 6),11,[161769, 10000, 16.1769]
(1, 2, 2, 6),12,[188064, 10000, 18.8064]
(1, 2, 2, 6),13,[158430, 10000, 15.843]
(1, 2, 2, 6),14,[170234, 10000, 17.0234]
(1, 2, 2, 6),15,[160646, 10000, 16.0646]
(1, 2, 3, 3),0,[0, 10000, 0.0]
(1, 2, 3, 3),1,[33635, 10000, 3.3635]
(1, 2, 3, 3),2,[41560, 10000, 4.156]
(1, 2, 3, 3),3,[61915, 10000, 6.1915]
(1, 2, 3, 3),4,[254156, 10000, 25.4156]
(1, 2, 3, 3),5,[177582, 10000, 17.7582]
(1, 2, 3, 3),6,[188894, 10000, 18.8894]
(1, 2, 3, 3),7,[160742, 10000, 16.0742]
(1, 2, 3, 3),8,[251156, 10000, 25.1156]
(1, 2, 3, 3),9,[177000, 10000, 17.7]
(1, 2, 3, 3),10,[186285, 10000, 18.6285]
(1, 2, 3, 3),11,[157258, 10000, 15.7258]
(1, 2, 3, 3),12,[188623, 10000, 18.8623]
(1, 2, 3, 3),13,[163410, 10000, 16.341]
(1, 2, 3, 3),14,[172205, 10000, 17.2205]
(1, 2, 3, 3),15,[160703, 10000, 16.0703]
(1, 2, 3, 4),0,[0, 10000, 0.0]
(1, 2, 3, 4),1,[-246500, 10000, -24.65]
(1, 2, 3, 4),2,[-247662, 10000, -24.7662]
(1, 2, 3, 4),3,[-321646, 10000, -32.1646]
(1, 2, 3, 4),4,[-251092, 10000, -25.1092]
(1, 2, 3, 4),5,[-322067, 10000, -32.2067]
(1, 2, 3, 4),6,[-310909, 10000, -31.0909]
(1, 2, 3, 4),7,[-335913, 10000, -33.5913]
(1, 2, 3, 4),8,[-248340, 10000, -24.834]
(1, 2, 3, 4),9,[-321278, 10000, -32.1278]
(1, 2, 3, 4),10,[-313682, 10000, -31.3682]
(1, 2, 3, 4),11,[-337372, 10000, -33.7372]
(1, 2, 3, 4),12,[-316258, 10000, -31.6258]
(1, 2, 3, 4),13,[-339282, 10000, -33.9282]
(1, 2, 3, 4),14,[-329356, 10000, -32.9356]
(1, 2, 3, 4),15,[-337627, 10000, -33.7627]
(1, 2, 3, 5),0,[0, 10000, 0.0]
(1, 2, 3, 5),1,[-251400, 10000, -25.14]
(1, 2, 3, 5),2,[-246008, 10000, -24.6008]
(1, 2, 3, 5),3,[-321973, 10000, -32.1973]
(1, 2, 3, 5),4,[-246624, 10000, -24.6624]
(1, 2, 3, 5),5,[-323268, 10000, -32.3268]
(1, 2, 3, 5),6,[-316817, 10000, -31.6817]
(1, 2, 3, 5),7,[-341221, 10000, -34.1221]
(1, 2, 3, 5),8,[-245844, 10000, -24.5844]
(1, 2, 3, 5),9,[-324119, 10000, -32.4119]
(1, 2, 3, 5),10,[-314174, 10000, -31.4174]
(1, 2, 3, 5),11,[-341445, 10000, -34.1445]
(1, 2, 3, 5),12,[-313999, 10000, -31.3999]
(1, 2, 3, 5),13,[-341037, 10000, -34.1037]
(1, 2, 3, 5),14,[-329558, 10000, -32.9558]
(1, 2, 3, 5),15,[-337899, 10000, -33.7899]
(1, 2, 3, 6),0,[0, 10000, 0.0]
(1, 2, 3, 6),1,[-246350, 10000, -24.635]
(1, 2, 3, 6),2,[-246328, 10000, -24.6328]
(1, 2, 3, 6),3,[-319076, 10000, -31.9076]
(1, 2, 3, 6),4,[-247242, 10000, -24.7242]
(1, 2, 3, 6),5,[-324039, 10000, -32.4039]
(1, 2, 3, 6),6,[-312512, 10000, -31.2512]
(1, 2, 3, 6),7,[-335738, 10000, -33.5738]
(1, 2, 3, 6),8,[-249194, 10000, -24.9194]
(1, 2, 3, 6),9,[-318819, 10000, -31.8819]
(1, 2, 3, 6),10,[-313160, 10000, -31.316]
(1, 2, 3, 6),11,[-342592, 10000, -34.2592]
(1, 2, 3, 6),12,[-314171, 10000, -31.4171]
(1, 2, 3, 6),13,[-338782, 10000, -33.8782]
(1, 2, 3, 6),14,[-330363, 10000, -33.0363]
(1, 2, 3, 6),15,[-337936, 10000, -33.7936]
(1, 2, 4, 4),0,[0, 10000, 0.0]
(1, 2, 4, 4),1,[33285, 10000, 3.3285]
(1, 2, 4, 4),2,[40775, 10000, 4.0775]
(1, 2, 4, 4),3,[60590, 10000, 6.059]
(1, 2, 4, 4),4,[250120, 10000, 25.012]
(1, 2, 4, 4),5,[177724, 10000, 17.7724]
(1, 2, 4, 4),6,[186315, 10000, 18.6315]
(1, 2, 4, 4),7,[157263, 10000, 15.7263]
(1, 2, 4, 4),8,[258032, 10000, 25.8032]
(1, 2, 4, 4),9,[176526, 10000, 17.6526]
(1, 2, 4, 4),10,[184772, 10000, 18.4772]
(1, 2, 4, 4),11,[165830, 10000, 16.583]
(1, 2, 4, 4),12,[186760, 10000, 18.676]
(1, 2, 4, 4),13,[162088, 10000, 16.2088]
(1, 2, 4, 4),14,[170840, 10000, 17.084]
(1, 2, 4, 4),15,[157714, 10000, 15.7714]
(1, 2, 4, 5),0,[0, 10000, 0.0]
(1, 2, 4, 5),1,[-247750, 10000, -24.775]
(1, 2, 4, 5),2,[-245942, 10000, -24.5942]
(1, 2, 4, 5),3,[-324128, 10000, -32.4128]
(1, 2, 4, 5),4,[-247508, 10000, -24.7508]
(1, 2, 4, 5),5,[-321687, 10000, -32.1687]
(1, 2, 4, 5),6,[-316909, 10000, -31.6909]
(1, 2, 4, 5),7,[-343553, 10000, -34.3553]
(1, 2, 4, 5),8,[-244146, 10000, -24.4146]
(1, 2, 4, 5),9,[-321336, 10000, -32.1336]
(1, 2, 4, 5),10,[-315542, 10000, -31.5542]
(1, 2, 4, 5),11,[-338141, 10000, -33.8141]
(1, 2, 4, 5),12,[-312927, 10000, -31.2927]
(1, 2, 4, 5),13,[-340851, 10000, -34.0851]
(1, 2, 4, 5),14,[-328431, 10000, -32.8431]
(1, 2, 4, 5),15,[-335905, 10000, -33.5905]
(1, 2, 4, 6),0,[0, 10000, 0.0]
(1, 2, 4, 6),1,[-246950, 10000, -24.695]
(1, 2, 4, 6),2,[-248106, 10000, -24.8106]
(1, 2, 4, 6),3,[-328362, 10000, -32.8362]
(1, 2, 4, 6),4,[-248292, 10000, -24.8292]
(1, 2, 4, 6),5,[-321450, 10000, -32.145]
(1, 2, 4, 6),6,[-314715, 10000, -31.4715]
(1, 2, 4, 6),7,[-343554, 10000, -34.3554]
(1, 2, 4, 6),8,[-242742, 10000, -24.2742]
(1, 2, 4, 6),9,[-320608, 10000, -32.0608]
(1, 2, 4, 6),10,[-313372, 10000, -31.3372]
(1, 2, 4, 6),11,[-342097, 10000, -34.2097]
(1, 2, 4, 6),12,[-312356, 10000, -31.2356]
(1, 2, 4, 6),13,[-342078, 10000, -34.2078]
(1, 2, 4, 6),14,[-330211, 10000, -33.0211]
(1, 2, 4, 6),15,[-341407, 10000, -34.1407]
(1, 2, 5, 5),0,[0, 10000, 0.0]
(1, 2, 5, 5),1,[32535, 10000, 3.2535]
(1, 2, 5, 5),2,[41580, 10000, 4.158]
(1, 2, 5, 5),3,[60450, 10000, 6.045]
(1, 2, 5, 5),4,[252456, 10000, 25.2456]
(1, 2, 5, 5),5,[176470, 10000, 17.647]
(1, 2, 5, 5),6,[188218, 10000, 18.8218]
(1, 2, 5, 5),7,[164714, 10000, 16.4714]
(1, 2, 5, 5),8,[251542, 10000, 25.1542]
(1, 2, 5, 5),9,[180065, 10000, 18.0065]
(1, 2, 5, 5),10,[188955, 10000, 18.8955]
(1, 2, 5, 5),11,[162127, 10000, 16.2127]
(1, 2, 5, 5),12,[185281, 10000, 18.5281]
(1, 2, 5, 5),13,[161941, 10000, 16.1941]
(1, 2, 5, 5),14,[173116, 10000, 17.3116]
(1, 2, 5, 5),15,[164044, 10000, 16.4044]
(1, 2, 5, 6),0,[0, 10000, 0.0]
(1, 2, 5, 6),1,[-251900, 10000, -25.19]
(1, 2, 5, 6),2,[-244816, 10000, -24.4816]
(1, 2, 5, 6),3,[-323743, 10000, -32.3743]
(1, 2, 5, 6),4,[-243608, 10000, -24.3608]
(1, 2, 5, 6),5,[-321887, 10000, -32.1887]
(1, 2, 5, 6),6,[-310643, 10000, -31.0643]
(1, 2, 5, 6),7,[-340138, 10000, -34.0138]
(1, 2, 5, 6),8,[-247360, 10000, -24.736]
(1, 2, 5, 6),9,[-323177, 10000, -32.3177]
(1, 2, 5, 6),10,[-315023, 10000, -31.5023]
(1, 2, 5, 6),11,[-338422, 10000, -33.8422]
(1, 2, 5, 6),12,[-310596, 10000, -31.0596]
(1, 2, 5, 6),13,[-338463, 10000, -33.8463]
(1, 2, 5, 6),14,[-328821, 10000, -32.8821]
(1, 2, 5, 6),15,[-338797, 10000, -33.8797]
(1, 2, 6, 6),0,[0, 10000, 0.0]
(1, 2, 6, 6),1,[34275, 10000, 3.4275]
(1, 2, 6, 6),2,[40745, 10000, 4.0745]
(1, 2, 6, 6),3,[61535, 10000, 6.1535]
(1, 2, 6, 6),4,[249692, 10000, 24.9692]
(1, 2, 6, 6),5,[182504, 10000, 18.2504]
(1, 2, 6, 6),6,[185653, 10000, 18.5653]
(1, 2, 6, 6),7,[159539, 10000, 15.9539]
(1, 2, 6, 6),8,[249140, 10000, 24.914]
(1, 2, 6, 6),9,[176502, 10000, 17.6502]
(1, 2, 6, 6),10,[184337, 10000, 18.4337]
(1, 2, 6, 6),11,[162067, 10000, 16.2067]
(1, 2, 6, 6),12,[191849, 10000, 19.1849]
(1, 2, 6, 6),13,[163909, 10000, 16.3909]
(1, 2, 6, 6),14,[174909, 10000, 17.4909]
(1, 2, 6, 6),15,[163345, 10000, 16.3345]
(1, 3, 3, 3),0,[0, 10000, 0.0]
(1, 3, 3, 3),1,[43225, 10000, 4.3225]
(1, 3, 3, 3),2,[-108180, 10000, -10.818]
(1, 3, 3, 3),3,[-89305, 10000, -8.9305]
(1, 3, 3, 3),4,[-107645, 10000, -10.7645]
(1, 3, 3, 3),5,[-88910, 10000, -8.891]
(1, 3, 3, 3),6,[35570, 10000, 3.557]
(1, 3, 3, 3),7,[9829, 10000, 0.9829]
(1, 3, 3, 3),8,[-108015, 10000, -10.8015]
(1, 3, 3, 3),9,[-87925, 10000, -8.7925]
(1, 3, 3, 3),10,[31511, 10000, 3.1511]
(1, 3, 3, 3),11,[14507, 10000, 1.4507]
(1, 3, 3, 3),12,[34837, 10000, 3.4837]
(1, 3, 3, 3),13,[9129, 10000, 0.9129]
(1, 3, 3, 3),14,[20810, 10000, 2.081]
(1, 3, 3, 3),15,[13389, 10000, 1.3389]
(1, 3, 3, 4),0,[0, 10000, 0.0]
(1, 3, 3, 4),1,[32945, 10000, 3.2945]
(1, 3, 3, 4),2,[257800, 10000, 25.78]
(1, 3, 3, 4),3,[179723, 10000, 17.9723]
(1, 3, 3, 4),4,[256240, 10000, 25.624]
(1, 3, 3, 4),5,[179079, 10000, 17.9079]
(1, 3, 3, 4),6,[189366, 10000, 18.9366]
(1, 3, 3, 4),7,[162312, 10000, 16.2312]
(1, 3, 3, 4),8,[40615, 10000, 4.0615]
(1, 3, 3, 4),9,[61045, 10000, 6.1045]
(1, 3, 3, 4),10,[186673, 10000, 18.6673]
(1, 3, 3, 4),11,[160054, 10000, 16.0054]
(1, 3, 3, 4),12,[188989, 10000, 18.8989]
(1, 3, 3, 4),13,[156999, 10000, 15.6999]
(1, 3, 3, 4),14,[169958, 10000, 16.9958]
(1, 3, 3, 4),15,[160523, 10000, 16.0523]
(1, 3, 3, 5),0,[0, 10000, 0.0]
(1, 3, 3, 5),1,[33640, 10000, 3.364]
(1, 3, 3, 5),2,[249922, 10000, 24.9922]
(1, 3, 3, 5),3,[175994, 10000, 17.5994]
(1, 3, 3, 5),4,[250262, 10000, 25.0262]
(1, 3, 3, 5),5,[177335, 10000, 17.7335]
(1, 3, 3, 5),6,[185219, 10000, 18.5219]
(1, 3, 3, 5),7,[163444, 10000, 16.3444]
(1, 3, 3, 5),8,[41425, 10000, 4.1425]
(1, 3, 3, 5),9,[60455, 10000, 6.0455]
(1, 3, 3, 5),10,[188183, 10000, 18.8183]
(1, 3, 3, 5),11,[157305, 10000, 15.7305]
(1, 3, 3, 5),12,[181691, 10000, 18.1691]
(1, 3, 3, 5),13,[161428, 10000, 16.1428]
(1, 3, 3, 5),14,[168995, 10000, 16.8995]
(1, 3, 3, 5),15,[161588, 10000, 16.1588]
(1, 3, 3, 6),0,[0, 10000, 0.0]
(1, 3, 3, 6),1,[33305, 10000, 3.3305]
(1, 3, 3, 6),2,[249168, 10000, 24.9168]
(1, 3, 3, 6),3,[180036, 10000, 18.0036]
(1, 3, 3, 6),4,[254098, 10000, 25.4098]
(1, 3, 3, 6),5,[178998, 10000, 17.8998]
(1, 3, 3, 6),6,[185025, 10000, 18.5025]
(1, 3, 3, 6),7,[162621, 10000, 16.2621]
(1, 3, 3, 6),8,[41970, 10000, 4.197]
(1, 3, 3, 6),9,[60585, 10000, 6.0585]
(1, 3, 3, 6),10,[186930, 10000, 18.693]
(1, 3, 3, 6),11,[162739, 10000, 16.2739]
(1, 3, 3, 6),12,[187079, 10000, 18.7079]
(1, 3, 3, 6),13,[162470, 10000, 16.247]
(1, 3, 3, 6),14,[170179, 10000, 17.0179]
(1, 3, 3, 6),15,[160261, 10000, 16.0261]
(1, 3, 4, 4),0,[0, 10000, 0.0]
(1, 3, 4, 4),1,[32950, 10000, 3.295]
(1, 3, 4, 4),2,[41340, 10000, 4.134]
(1, 3, 4, 4),3,[60545, 10000, 6.0545]
(1, 3, 4, 4),4,[253082, 10000, 25.3082]
(1, 3, 4, 4),5,[177256, 10000, 17.7256]
(1, 3, 4, 4),6,[184856, 10000, 18.4856]
(1, 3, 4, 4),7,[162432, 10000, 16.2432]
(1, 3, 4, 4),8,[248900, 10000, 24.89]
(1, 3, 4, 4),9,[181782, 10000, 18.1782]
(1, 3, 4, 4),10,[184417, 10000, 18.4417]
(1, 3, 4, 4),11,[162000, 10000, 16.2]
(1, 3, 4, 4),12,[183575, 10000, 18.3575]
(1, 3, 4, 4),13,[159578, 10000, 15.9578]
(1, 3, 4, 4),14,[172473, 10000, 17.2473]
(1, 3, 4, 4),15,[165839, 10000, 16.5839]
(1, 3, 4, 5),0,[0, 10000, 0.0]
(1, 3, 4, 5),1,[-252500, 10000, -25.25]
(1, 3, 4, 5),2,[-244828, 10000, -24.4828]
(1, 3, 4, 5),3,[-322293, 10000, -32.2293]
(1, 3, 4, 5),4,[-243816, 10000, -24.3816]
(1, 3, 4, 5),5,[-324468, 10000, -32.4468]
(1, 3, 4, 5),6,[-314856, 10000, -31.4856]
(1, 3, 4, 5),7,[-339688, 10000, -33.9688]
(1, 3, 4, 5),8,[-248726, 10000, -24.8726]
(1, 3, 4, 5),9,[-321423, 10000, -32.1423]
(1, 3, 4, 5),10,[-313604, 10000, -31.3604]
(1, 3, 4, 5),11,[-334901, 10000, -33.4901]
(1, 3, 4, 5),12,[-315691, 10000, -31.5691]
(1, 3, 4, 5),13,[-339941, 10000, -33.9941]
(1, 3, 4, 5),14,[-325448, 10000, -32.5448]
(1, 3, 4, 5),15,[-342495, 10000, -34.2495]
(1, 3, 4, 6),0,[0, 10000, 0.0]
(1, 3, 4, 6),1,[-248450, 10000, -24.845]
(1, 3, 4, 6),2,[-247240, 10000, -24.724]
(1, 3, 4, 6),3,[-320644, 10000, -32.0644]
(1, 3, 4, 6),4,[-246254, 10000, -24.6254]
(1, 3, 4, 6),5,[-326569, 10000, -32.6569]
(1, 3, 4, 6),6,[-315022, 10000, -31.5022]
(1, 3, 4, 6),7,[-339191, 10000, -33.9191]
(1, 3, 4, 6),8,[-243272, 10000, -24.3272]
(1, 3, 4, 6),9,[-320890, 10000, -32.089]
(1, 3, 4, 6),10,[-316427, 10000, -31.6427]
(1, 3, 4, 6),11,[-337769, 10000, -33.7769]
(1, 3, 4, 6),12,[-314128, 10000, -31.4128]
(1, 3, 4, 6),13,[-339074, 10000, -33.9074]
(1, 3, 4, 6),14,[-327345, 10000, -32.7345]
(1, 3, 4, 6),15,[-336435, 10000, -33.6435]
(1, 3, 5, 5),0,[0, 10000, 0.0]
(1, 3, 5, 5),1,[34065, 10000, 3.4065]
(1, 3, 5, 5),2,[42530, 10000, 4.253]
(1, 3, 5, 5),3,[62285, 10000, 6.2285]
(1, 3, 5, 5),4,[247612, 10000, 24.7612]
(1, 3, 5, 5),5,[176855, 10000, 17.6855]
(1, 3, 5, 5),6,[187935, 10000, 18.7935]
(1, 3, 5, 5),7,[161116, 10000, 16.1116]
(1, 3, 5, 5),8,[255560, 10000, 25.556]
(1, 3, 5, 5),9,[179605, 10000, 17.9605]
(1, 3, 5, 5),10,[186157, 10000, 18.6157]
(1, 3, 5, 5),11,[159659, 10000, 15.9659]
(1, 3, 5, 5),12,[182109, 10000, 18.2109]
(1, 3, 5, 5),13,[158537, 10000, 15.8537]
(1, 3, 5, 5),14,[169145, 10000, 16.9145]
(1, 3, 5, 5),15,[164505, 10000, 16.4505]
(1, 3, 5, 6),0,[0, 10000, 0.0]
(1, 3, 5, 6),1,[-251250, 10000, -25.125]
(1, 3, 5, 6),2,[-245014, 10000, -24.5014]
(1, 3, 5, 6),3,[-322340, 10000, -32.234]
(1, 3, 5, 6),4,[-244766, 10000, -24.4766]
(1, 3, 5, 6),5,[-321998, 10000, -32.1998]
(1, 3, 5, 6),6,[-313388, 10000, -31.3388]
(1, 3, 5, 6),7,[-341601, 10000, -34.1601]
(1, 3, 5, 6),8,[-248230, 10000, -24.823]
(1, 3, 5, 6),9,[-316145, 10000, -31.6145]
(1, 3, 5, 6),10,[-311442, 10000, -31.1442]
(1, 3, 5, 6),11,[-342727, 10000, -34.2727]
(1, 3, 5, 6),12,[-313066, 10000, -31.3066]
(1, 3, 5, 6),13,[-339732, 10000, -33.9732]
(1, 3, 5, 6),14,[-328159, 10000, -32.8159]
(1, 3, 5, 6),15,[-338860, 10000, -33.886]
(1, 3, 6, 6),0,[0, 10000, 0.0]
(1, 3, 6, 6),1,[32910, 10000, 3.291]
(1, 3, 6, 6),2,[40740, 10000, 4.074]
(1, 3, 6, 6),3,[61320, 10000, 6.132]
(1, 3, 6, 6),4,[258970, 10000, 25.897]
(1, 3, 6, 6),5,[182411, 10000, 18.2411]
(1, 3, 6, 6),6,[185861, 10000, 18.5861]
(1, 3, 6, 6),7,[158939, 10000, 15.8939]
(1, 3, 6, 6),8,[250268, 10000, 25.0268]
(1, 3, 6, 6),9,[179068, 10000, 17.9068]
(1, 3, 6, 6),10,[185083, 10000, 18.5083]
(1, 3, 6, 6),11,[160966, 10000, 16.0966]
(1, 3, 6, 6),12,[186246, 10000, 18.6246]
(1, 3, 6, 6),13,[152489, 10000, 15.2489]
(1, 3, 6, 6),14,[171261, 10000, 17.1261]
(1, 3, 6, 6),15,[163273, 10000, 16.3273]
(1, 4, 4, 4),0,[0, 10000, 0.0]
(1, 4, 4, 4),1,[40425, 10000, 4.0425]
(1, 4, 4, 4),2,[-109080, 10000, -10.908]
(1, 4, 4, 4),3,[-87460, 10000, -8.746]
(1, 4, 4, 4),4,[-107965, 10000, -10.7965]
(1, 4, 4, 4),5,[-89225, 10000, -8.9225]
(1, 4, 4, 4),6,[35738, 10000, 3.5738]
(1, 4, 4, 4),7,[12424, 10000, 1.2424]
(1, 4, 4, 4),8,[-108660, 10000, -10.866]
(1, 4, 4, 4),9,[-90260, 10000, -9.026]
(1, 4, 4, 4),10,[40256, 10000, 4.0256]
(1, 4, 4, 4),11,[14720, 10000, 1.472]
(1, 4, 4, 4),12,[36261, 10000, 3.6261]
(1, 4, 4, 4),13,[8867, 10000, 0.8867]
(1, 4, 4, 4),14,[23655, 10000, 2.3655]
(1, 4, 4, 4),15,[11037, 10000, 1.1037]
(1, 4, 4, 5),0,[0, 10000, 0.0]
(1, 4, 4, 5),1,[33575, 10000, 3.3575]
(1, 4, 4, 5),2,[253406, 10000, 25.3406]
(1, 4, 4, 5),3,[179198, 10000, 17.9198]
(1, 4, 4, 5),4,[250340, 10000, 25.034]
(1, 4, 4, 5),5,[177177, 10000, 17.7177]
(1, 4, 4, 5),6,[185611, 10000, 18.5611]
(1, 4, 4, 5),7,[161249, 10000, 16.1249]
(1, 4, 4, 5),8,[41525, 10000, 4.1525]
(1, 4, 4, 5),9,[61490, 10000, 6.149]
(1, 4, 4, 5),10,[188305, 10000, 18.8305]
(1, 4, 4, 5),11,[162664, 10000, 16.2664]
(1, 4, 4, 5),12,[186077, 10000, 18.6077]
(1, 4, 4, 5),13,[160105, 10000, 16.0105]
(1, 4, 4, 5),14,[166896, 10000, 16.6896]
(1, 4, 4, 5),15,[166042, 10000, 16.6042]
(1, 4, 4, 6),0,[0, 10000, 0.0]
(1, 4, 4, 6),1,[33230, 10000, 3.323]
(1, 4, 4, 6),2,[251886, 10000, 25.1886]
(1, 4, 4, 6),3,[178281, 10000, 17.8281]
(1, 4, 4, 6),4,[252758, 10000, 25.2758]
(1, 4, 4, 6),5,[178046, 10000, 17.8046]
(1, 4, 4, 6),6,[189577, 10000, 18.9577]
(1, 4, 4, 6),7,[159113, 10000, 15.9113]
(1, 4, 4, 6),8,[41550, 10000, 4.155]
(1, 4, 4, 6),9,[61200, 10000, 6.12]
(1, 4, 4, 6),10,[184421, 10000, 18.4421]
(1, 4, 4, 6),11,[161284, 10000, 16.1284]
(1, 4, 4, 6),12,[185531, 10000, 18.5531]
(1, 4, 4, 6),13,[161236, 10000, 16.1236]
(1, 4, 4, 6),14,[175534, 10000, 17.5534]
(1, 4, 4, 6),15,[159583, 10000, 15.9583]
(1, 4, 5, 5),0,[0, 10000, 0.0]
(1, 4, 5, 5),1,[33435, 10000, 3.3435]
(1, 4, 5, 5),2,[42095, 10000, 4.2095]
(1, 4, 5, 5),3,[61710, 10000, 6.171]
(1, 4, 5, 5),4,[250878, 10000, 25.0878]
(1, 4, 5, 5),5,[175967, 10000, 17.5967]
(1, 4, 5, 5),6,[188438, 10000, 18.8438]
(1, 4, 5, 5),7,[167874, 10000, 16.7874]
(1, 4, 5, 5),8,[253184, 10000, 25.3184]
(1, 4, 5, 5),9,[178732, 10000, 17.8732]
(1, 4, 5, 5),10,[184701, 10000, 18.4701]
(1, 4, 5, 5),11,[159922, 10000, 15.9922]
(1, 4, 5, 5),12,[186226, 10000, 18.6226]
(1, 4, 5, 5),13,[164901, 10000, 16.4901]
(1, 4, 5, 5),14,[171327, 10000, 17.1327]
(1, 4, 5, 5),15,[163319, 10000, 16.3319]
(1, 4, 5, 6),0,[0, 10000, 0.0]
(1, 4, 5, 6),1,[-252500, 10000, -25.25]
(1, 4, 5, 6),2,[-244984, 10000, -24.4984]
(1, 4, 5, 6),3,[-321285, 10000, -32.1285]
(1, 4, 5, 6),4,[-251354, 10000, -25.1354]
(1, 4, 5, 6),5,[-322490, 10000, -32.249]
(1, 4, 5, 6),6,[-316154, 10000, -31.6154]
(1, 4, 5, 6),7,[-336497, 10000, -33.6497]
(1, 4, 5, 6),8,[-247618, 10000, -24.7618]
(1, 4, 5, 6),9,[-319022, 10000, -31.9022]
(1, 4, 5, 6),10,[-317029, 10000, -31.7029]
(1, 4, 5, 6),11,[-341012, 10000, -34.1012]
(1, 4, 5, 6),12,[-312870, 10000, -31.287]
(1, 4, 5, 6),13,[-338318, 10000, -33.8318]
(1, 4, 5, 6),14,[-330558, 10000, -33.0558]
(1, 4, 5, 6),15,[-339313, 10000, -33.9313]
(1, 4, 6, 6),0,[0, 10000, 0.0]
(1, 4, 6, 6),1,[32810, 10000, 3.281]
(1, 4, 6, 6),2,[42125, 10000, 4.2125]
(1, 4, 6, 6),3,[61580, 10000, 6.158]
(1, 4, 6, 6),4,[257880, 10000, 25.788]
(1, 4, 6, 6),5,[177615, 10000, 17.7615]
(1, 4, 6, 6),6,[187415, 10000, 18.7415]
(1, 4, 6, 6),7,[158616, 10000, 15.8616]
(1, 4, 6, 6),8,[254500, 10000, 25.45]
(1, 4, 6, 6),9,[176758, 10000, 17.6758]
(1, 4, 6, 6),10,[184762, 10000, 18.4762]
(1, 4, 6, 6),11,[163164, 10000, 16.3164]
(1, 4, 6, 6),12,[186212, 10000, 18.6212]
(1, 4, 6, 6),13,[163540, 10000, 16.354]
(1, 4, 6, 6),14,[175106, 10000, 17.5106]
(1, 4, 6, 6),15,[159546, 10000, 15.9546]
(1, 5, 5, 5),0,[0, 10000, 0.0]
(1, 5, 5, 5),1,[40400, 10000, 4.04]
(1, 5, 5, 5),2,[-108860, 10000, -10.886]
(1, 5, 5, 5),3,[-88650, 10000, -8.865]
(1, 5, 5, 5),4,[-107930, 10000, -10.793]
(1, 5, 5, 5),5,[-88630, 10000, -8.863]
(1, 5, 5, 5),6,[38291, 10000, 3.8291]
(1, 5, 5, 5),7,[9632, 10000, 0.9632]
(1, 5, 5, 5),8,[-108900, 10000, -10.89]
(1, 5, 5, 5),9,[-89170, 10000, -8.917]
(1, 5, 5, 5),10,[37611, 10000, 3.7611]
(1, 5, 5, 5),11,[9559, 10000, 0.9559]
(1, 5, 5, 5),12,[37212, 10000, 3.7212]
(1, 5, 5, 5),13,[8281, 10000, 0.8281]
(1, 5, 5, 5),14,[21729, 10000, 2.1729]
(1, 5, 5, 5),15,[9704, 10000, 0.9704]
(1, 5, 5, 6),0,[0, 10000, 0.0]
(1, 5, 5, 6),1,[32980, 10000, 3.298]
(1, 5, 5, 6),2,[250686, 10000, 25.0686]
(1, 5, 5, 6),3,[174688, 10000, 17.4688]
(1, 5, 5, 6),4,[254938, 10000, 25.4938]
(1, 5, 5, 6),5,[177409, 10000, 17.7409]
(1, 5, 5, 6),6,[187867, 10000, 18.7867]
(1, 5, 5, 6),7,[163770, 10000, 16.377]
(1, 5, 5, 6),8,[41725, 10000, 4.1725]
(1, 5, 5, 6),9,[60555, 10000, 6.0555]
(1, 5, 5, 6),10,[184980, 10000, 18.498]
(1, 5, 5, 6),11,[158592, 10000, 15.8592]
(1, 5, 5, 6),12,[187215, 10000, 18.7215]
(1, 5, 5, 6),13,[161034, 10000, 16.1034]
(1, 5, 5, 6),14,[171268, 10000, 17.1268]
(1, 5, 5, 6),15,[161135, 10000, 16.1135]
(1, 5, 6, 6),0,[0, 10000, 0.0]
(1, 5, 6, 6),1,[33125, 10000, 3.3125]
(1, 5, 6, 6),2,[41460, 10000, 4.146]
(1, 5, 6, 6),3,[60615, 10000, 6.0615]
(1, 5, 6, 6),4,[254910, 10000, 25.491]
(1, 5, 6, 6),5,[175897, 10000, 17.5897]
(1, 5, 6, 6),6,[188329, 10000, 18.8329]
(1, 5, 6, 6),7,[159824, 10000, 15.9824]
(1, 5, 6, 6),8,[254248, 10000, 25.4248]
(1, 5, 6, 6),9,[179475, 10000, 17.9475]
(1, 5, 6, 6),10,[184656, 10000, 18.4656]
(1, 5, 6, 6),11,[163484, 10000, 16.3484]
(1, 5, 6, 6),12,[185678, 10000, 18.5678]
(1, 5, 6, 6),13,[163102, 10000, 16.3102]
(1, 5, 6, 6),14,[169023, 10000, 16.9023]
(1, 5, 6, 6),15,[164791, 10000, 16.4791]
(1, 6, 6, 6),0,[0, 10000, 0.0]
(1, 6, 6, 6),1,[41625, 10000, 4.1625]
(1, 6, 6, 6),2,[-108865, 10000, -10.8865]
(1, 6, 6, 6),3,[-87415, 10000, -8.7415]
(1, 6, 6, 6),4,[-108560, 10000, -10.856]
(1, 6, 6, 6),5,[-90385, 10000, -9.0385]
(1, 6, 6, 6),6,[32279, 10000, 3.2279]
(1, 6, 6, 6),7,[6435, 10000, 0.6435]
(1, 6, 6, 6),8,[-108335, 10000, -10.8335]
(1, 6, 6, 6),9,[-88620, 10000, -8.862]
(1, 6, 6, 6),10,[34060, 10000, 3.406]
(1, 6, 6, 6),11,[7895, 10000, 0.7895]
(1, 6, 6, 6),12,[35011, 10000, 3.5011]
(1, 6, 6, 6),13,[15171, 10000, 1.5171]
(1, 6, 6, 6),14,[19102, 10000, 1.9102]
(1, 6, 6, 6),15,[13366, 10000, 1.3366]
(2, 2, 2, 2),0,[0, 10000, 0.0]
(2, 2, 2, 2),1,[-209425, 10000, -20.9425]
(2, 2, 2, 2),2,[-209150, 10000, -20.915]
(2, 2, 2, 2),3,[-339485, 10000, -33.9485]
(2, 2, 2, 2),4,[-208625, 10000, -20.8625]
(2, 2, 2, 2),5,[-338350, 10000, -33.835]
(2, 2, 2, 2),6,[-337945, 10000, -33.7945]
(2, 2, 2, 2),7,[-240610, 10000, -24.061]
(2, 2, 2, 2),8,[-206800, 10000, -20.68]
(2, 2, 2, 2),9,[-337355, 10000, -33.7355]
(2, 2, 2, 2),10,[-336800, 10000, -33.68]
(2, 2, 2, 2),11,[-234462, 10000, -23.4462]
(2, 2, 2, 2),12,[-339150, 10000, -33.915]
(2, 2, 2, 2),13,[-240870, 10000, -24.087]
(2, 2, 2, 2),14,[-241248, 10000, -24.1248]
(2, 2, 2, 2),15,[-240273, 10000, -24.0273]
(2, 2, 2, 3),0,[0, 10000, 0.0]
(2, 2, 2, 3),1,[-116880, 10000, -11.688]
(2, 2, 2, 3),2,[-115895, 10000, -11.5895]
(2, 2, 2, 3),3,[29437, 10000, 2.9437]
(2, 2, 2, 3),4,[-115990, 10000, -11.599]
(2, 2, 2, 3),5,[26527, 10000, 2.6527]
(2, 2, 2, 3),6,[32212, 10000, 3.2212]
(2, 2, 2, 3),7,[11086, 10000, 1.1086]
(2, 2, 2, 3),8,[40900, 10000, 4.09]
(2, 2, 2, 3),9,[-90400, 10000, -9.04]
(2, 2, 2, 3),10,[-89845, 10000, -8.9845]
(2, 2, 2, 3),11,[6999, 10000, 0.6999]
(2, 2, 2, 3),12,[-90515, 10000, -9.0515]
(2, 2, 2, 3),13,[15408, 10000, 1.5408]
(2, 2, 2, 3),14,[10508, 10000, 1.0508]
(2, 2, 2, 3),15,[13299, 10000, 1.3299]
(2, 2, 2, 4),0,[0, 10000, 0.0]
(2, 2, 2, 4),1,[-116840, 10000, -11.684]
(2, 2, 2, 4),2,[-116290, 10000, -11.629]
(2, 2, 2, 4),3,[29508, 10000, 2.9508]
(2, 2, 2, 4),4,[-116560, 10000, -11.656]
(2, 2, 2, 4),5,[29016, 10000, 2.9016]
(2, 2, 2, 4),6,[30679, 10000, 3.0679]
(2, 2, 2, 4),7,[11533, 10000, 1.1533]
(2, 2, 2, 4),8,[41525, 10000, 4.1525]
(2, 2, 2, 4),9,[-89340, 10000, -8.934]
(2, 2, 2, 4),10,[-88985, 10000, -8.8985]
(2, 2, 2, 4),11,[12803, 10000, 1.2803]
(2, 2, 2, 4),12,[-87735, 10000, -8.7735]
(2, 2, 2, 4),13,[13933, 10000, 1.3933]
(2, 2, 2, 4),14,[7246, 10000, 0.7246]
(2, 2, 2, 4),15,[12156, 10000, 1.2156]
(2, 2, 2, 5),0,[0, 10000, 0.0]
(2, 2, 2, 5),1,[-116070, 10000, -11.607]
(2, 2, 2, 5),2,[-116640, 10000, -11.664]
(2, 2, 2, 5),3,[28533, 10000, 2.8533]
(2, 2, 2, 5),4,[-116845, 10000, -11.6845]
(2, 2, 2, 5),5,[26888, 10000, 2.6888]
(2, 2, 2, 5),6,[28612, 10000, 2.8612]
(2, 2, 2, 5),7,[8521, 10000, 0.8521]
(2, 2, 2, 5),8,[42275, 10000, 4.2275]
(2, 2, 2, 5),9,[-91145, 10000, -9.1145]
(2, 2, 2, 5),10,[-89255, 10000, -8.9255]
(2, 2, 2, 5),11,[10312, 10000, 1.0312]
(2, 2, 2, 5),12,[-88555, 10000, -8.8555]
(2, 2, 2, 5),13,[11443, 10000, 1.1443]
(2, 2, 2, 5),14,[9886, 10000, 0.9886]
(2, 2, 2, 5),15,[14880, 10000, 1.488]
(2, 2, 2, 6),0,[0, 10000, 0.0]
(2, 2, 2, 6),1,[-116890, 10000, -11.689]
(2, 2, 2, 6),2,[-117190, 10000, -11.719]
(2, 2, 2, 6),3,[26783, 10000, 2.6783]
(2, 2, 2, 6),4,[-116700, 10000, -11.67]
(2, 2, 2, 6),5,[28954, 10000, 2.8954]
(2, 2, 2, 6),6,[29109, 10000, 2.9109]
(2, 2, 2, 6),7,[12210, 10000, 1.221]
(2, 2, 2, 6),8,[43325, 10000, 4.3325]
(2, 2, 2, 6),9,[-89205, 10000, -8.9205]
(2, 2, 2, 6),10,[-89065, 10000, -8.9065]
(2, 2, 2, 6),11,[8849, 10000, 0.8849]
(2, 2, 2, 6),12,[-88750, 10000, -8.875]
(2, 2, 2, 6),13,[7615, 10000, 0.7615]
(2, 2, 2, 6),14,[12173, 10000, 1.2173]
(2, 2, 2, 6),15,[9473, 10000, 0.9473]
(2, 2, 3, 3),0,[0, 10000, 0.0]
(2, 2, 3, 3),1,[-16730, 10000, -1.673]
(2, 2, 3, 3),2,[-16580, 10000, -1.658]
(2, 2, 3, 3),3,[11770, 10000, 1.177]
(2, 2, 3, 3),4,[-17420, 10000, -1.742]
(2, 2, 3, 3),5,[128831, 10000, 12.8831]
(2, 2, 3, 3),6,[127752, 10000, 12.7752]
(2, 2, 3, 3),7,[113597, 10000, 11.3597]
(2, 2, 3, 3),8,[-17300, 10000, -1.73]
(2, 2, 3, 3),9,[131180, 10000, 13.118]
(2, 2, 3, 3),10,[129285, 10000, 12.9285]
(2, 2, 3, 3),11,[111046, 10000, 11.1046]
(2, 2, 3, 3),12,[10785, 10000, 1.0785]
(2, 2, 3, 3),13,[111443, 10000, 11.1443]
(2, 2, 3, 3),14,[110646, 10000, 11.0646]
(2, 2, 3, 3),15,[108110, 10000, 10.811]
(2, 2, 3, 4),0,[0, 10000, 0.0]
(2, 2, 3, 4),1,[248300, 10000, 24.83]
(2, 2, 3, 4),2,[252750, 10000, 25.275]
(2, 2, 3, 4),3,[178142, 10000, 17.8142]
(2, 2, 3, 4),4,[33620, 10000, 3.362]
(2, 2, 3, 4),5,[179519, 10000, 17.9519]
(2, 2, 3, 4),6,[179930, 10000, 17.993]
(2, 2, 3, 4),7,[160710, 10000, 16.071]
(2, 2, 3, 4),8,[34520, 10000, 3.452]
(2, 2, 3, 4),9,[181580, 10000, 18.158]
(2, 2, 3, 4),10,[178338, 10000, 17.8338]
(2, 2, 3, 4),11,[156607, 10000, 15.6607]
(2, 2, 3, 4),12,[60855, 10000, 6.0855]
(2, 2, 3, 4),13,[156836, 10000, 15.6836]
(2, 2, 3, 4),14,[153067, 10000, 15.3067]
(2, 2, 3, 4),15,[163119, 10000, 16.3119]
(2, 2, 3, 5),0,[0, 10000, 0.0]
(2, 2, 3, 5),1,[252800, 10000, 25.28]
(2, 2, 3, 5),2,[251600, 10000, 25.16]
(2, 2, 3, 5),3,[178703, 10000, 17.8703]
(2, 2, 3, 5),4,[31970, 10000, 3.197]
(2, 2, 3, 5),5,[176279, 10000, 17.6279]
(2, 2, 3, 5),6,[178698, 10000, 17.8698]
(2, 2, 3, 5),7,[158365, 10000, 15.8365]
(2, 2, 3, 5),8,[32645, 10000, 3.2645]
(2, 2, 3, 5),9,[178533, 10000, 17.8533]
(2, 2, 3, 5),10,[175636, 10000, 17.5636]
(2, 2, 3, 5),11,[163834, 10000, 16.3834]
(2, 2, 3, 5),12,[60130, 10000, 6.013]
(2, 2, 3, 5),13,[161405, 10000, 16.1405]
(2, 2, 3, 5),14,[160420, 10000, 16.042]
(2, 2, 3, 5),15,[161294, 10000, 16.1294]
(2, 2, 3, 6),0,[0, 10000, 0.0]
(2, 2, 3, 6),1,[255200, 10000, 25.52]
(2, 2, 3, 6),2,[248450, 10000, 24.845]
(2, 2, 3, 6),3,[177569, 10000, 17.7569]
(2, 2, 3, 6),4,[32695, 10000, 3.2695]
(2, 2, 3, 6),5,[178003, 10000, 17.8003]
(2, 2, 3, 6),6,[177768, 10000, 17.7768]
(2, 2, 3, 6),7,[159821, 10000, 15.9821]
(2, 2, 3, 6),8,[32930, 10000, 3.293]
(2, 2, 3, 6),9,[180462, 10000, 18.0462]
(2, 2, 3, 6),10,[183132, 10000, 18.3132]
(2, 2, 3, 6),11,[158292, 10000, 15.8292]
(2, 2, 3, 6),12,[60265, 10000, 6.0265]
(2, 2, 3, 6),13,[157840, 10000, 15.784]
(2, 2, 3, 6),14,[162172, 10000, 16.2172]
(2, 2, 3, 6),15,[160409, 10000, 16.0409]
(2, 2, 4, 4),0,[0, 10000, 0.0]
(2, 2, 4, 4),1,[-16780, 10000, -1.678]
(2, 2, 4, 4),2,[-17170, 10000, -1.717]
(2, 2, 4, 4),3,[11830, 10000, 1.183]
(2, 2, 4, 4),4,[-16285, 10000, -1.6285]
(2, 2, 4, 4),5,[122783, 10000, 12.2783]
(2, 2, 4, 4),6,[130128, 10000, 13.0128]
(2, 2, 4, 4),7,[107772, 10000, 10.7772]
(2, 2, 4, 4),8,[-17270, 10000, -1.727]
(2, 2, 4, 4),9,[128485, 10000, 12.8485]
(2, 2, 4, 4),10,[126310, 10000, 12.631]
(2, 2, 4, 4),11,[107818, 10000, 10.7818]
(2, 2, 4, 4),12,[11240, 10000, 1.124]
(2, 2, 4, 4),13,[110858, 10000, 11.0858]
(2, 2, 4, 4),14,[109790, 10000, 10.979]
(2, 2, 4, 4),15,[108766, 10000, 10.8766]
(2, 2, 4, 5),0,[0, 10000, 0.0]
(2, 2, 4, 5),1,[250050, 10000, 25.005]
(2, 2, 4, 5),2,[247750, 10000, 24.775]
(2, 2, 4, 5),3,[179029, 10000, 17.9029]
(2, 2, 4, 5),4,[33580, 10000, 3.358]
(2, 2, 4, 5),5,[173529, 10000, 17.3529]
(2, 2, 4, 5),6,[175356, 10000, 17.5356]
(2, 2, 4, 5),7,[161235, 10000, 16.1235]
(2, 2, 4, 5),8,[33540, 10000, 3.354]
(2, 2, 4, 5),9,[181961, 10000, 18.1961]
(2, 2, 4, 5),10,[178022, 10000, 17.8022]
(2, 2, 4, 5),11,[162701, 10000, 16.2701]
(2, 2, 4, 5),12,[61560, 10000, 6.156]
(2, 2, 4, 5),13,[160057, 10000, 16.0057]
(2, 2, 4, 5),14,[160494, 10000, 16.0494]
(2, 2, 4, 5),15,[160872, 10000, 16.0872]
(2, 2, 4, 6),0,[0, 10000, 0.0]
(2, 2, 4, 6),1,[248950, 10000, 24.895]
(2, 2, 4, 6),2,[252000, 10000, 25.2]
(2, 2, 4, 6),3,[178099, 10000, 17.8099]
(2, 2, 4, 6),4,[32625, 10000, 3.2625]
(2, 2, 4, 6),5,[180656, 10000, 18.0656]
(2, 2, 4, 6),6,[178746, 10000, 17.8746]
(2, 2, 4, 6),7,[161487, 10000, 16.1487]
(2, 2, 4, 6),8,[33285, 10000, 3.3285]
(2, 2, 4, 6),9,[175752, 10000, 17.5752]
(2, 2, 4, 6),10,[173053, 10000, 17.3053]
(2, 2, 4, 6),11,[160083, 10000, 16.0083]
(2, 2, 4, 6),12,[61275, 10000, 6.1275]
(2, 2, 4, 6),13,[156395, 10000, 15.6395]
(2, 2, 4, 6),14,[162972, 10000, 16.2972]
(2, 2, 4, 6),15,[162242, 10000, 16.2242]
(2, 2, 5, 5),0,[0, 10000, 0.0]
(2, 2, 5, 5),1,[-15460, 10000, -1.546]
(2, 2, 5, 5),2,[-17545, 10000, -1.7545]
(2, 2, 5, 5),3,[11725, 10000, 1.1725]
(2, 2, 5, 5),4,[-17305, 10000, -1.7305]
(2, 2, 5, 5),5,[130790, 10000, 13.079]
(2, 2, 5, 5),6,[127737, 10000, 12.7737]
(2, 2, 5, 5),7,[107794, 10000, 10.7794]
(2, 2, 5, 5),8,[-16985, 10000, -1.6985]
(2, 2, 5, 5),9,[128567, 10000, 12.8567]
(2, 2, 5, 5),10,[129301, 10000, 12.9301]
(2, 2, 5, 5),11,[110897, 10000, 11.0897]
(2, 2, 5, 5),12,[11105, 10000, 1.1105]
(2, 2, 5, 5),13,[112233, 10000, 11.2233]
(2, 2, 5, 5),14,[111180, 10000, 11.118]
(2, 2, 5, 5),15,[110017, 10000, 11.0017]
(2, 2, 5, 6),0,[0, 10000, 0.0]
(2, 2, 5, 6),1,[246300, 10000, 24.63]
(2, 2, 5, 6),2,[247650, 10000, 24.765]
(2, 2, 5, 6),3,[176366, 10000, 17.6366]
(2, 2, 5, 6),4,[33540, 10000, 3.354]
(2, 2, 5, 6),5,[179417, 10000, 17.9417]
(2, 2, 5, 6),6,[179621, 10000, 17.9621]
(2, 2, 5, 6),7,[159540, 10000, 15.954]
(2, 2, 5, 6),8,[33170, 10000, 3.317]
(2, 2, 5, 6),9,[178901, 10000, 17.8901]
(2, 2, 5, 6),10,[179403, 10000, 17.9403]
(2, 2, 5, 6),11,[158348, 10000, 15.8348]
(2, 2, 5, 6),12,[61100, 10000, 6.11]
(2, 2, 5, 6),13,[158153, 10000, 15.8153]
(2, 2, 5, 6),14,[161586, 10000, 16.1586]
(2, 2, 5, 6),15,[163394, 10000, 16.3394]
(2, 2, 6, 6),0,[0, 10000, 0.0]
(2, 2, 6, 6),1,[-16875, 10000, -1.6875]
(2, 2, 6, 6),2,[-17750, 10000, -1.775]
(2, 2, 6, 6),3,[11890, 10000, 1.189]
(2, 2, 6, 6),4,[-16845, 10000, -1.6845]
(2, 2, 6, 6),5,[127927, 10000, 12.7927]
(2, 2, 6, 6),6,[127962, 10000, 12.7962]
(2, 2, 6, 6),7,[112349, 10000, 11.2349]
(2, 2, 6, 6),8,[-15975, 10000, -1.5975]
(2, 2, 6, 6),9,[130207, 10000, 13.0207]
(2, 2, 6, 6),10,[127727, 10000, 12.7727]
(2, 2, 6, 6),11,[108728, 10000, 10.8728]
(2, 2, 6, 6),12,[12145, 10000, 1.2145]
(2, 2, 6, 6),13,[106481, 10000, 10.6481]
(2, 2, 6, 6),14,[108740, 10000, 10.874]
(2, 2, 6, 6),15,[113122, 10000, 11.3122]
(2, 3, 3, 3),0,[0, 10000, 0.0]
(2, 3, 3, 3),1,[42200, 10000, 4.22]
(2, 3, 3, 3),2,[-116205, 10000, -11.6205]
(2, 3, 3, 3),3,[-88120, 10000, -8.812]
(2, 3, 3, 3),4,[-117010, 10000, -11.701]
(2, 3, 3, 3),5,[-88615, 10000, -8.8615]
(2, 3, 3, 3),6,[29826, 10000, 2.9826]
(2, 3, 3, 3),7,[13187, 10000, 1.3187]
(2, 3, 3, 3),8,[-115940, 10000, -11.594]
(2, 3, 3, 3),9,[-89000, 10000, -8.9]
(2, 3, 3, 3),10,[28385, 10000, 2.8385]
(2, 3, 3, 3),11,[9132, 10000, 0.9132]
(2, 3, 3, 3),12,[25819, 10000, 2.5819]
(2, 3, 3, 3),13,[12412, 10000, 1.2412]
(2, 3, 3, 3),14,[9399, 10000, 0.9399]
(2, 3, 3, 3),15,[13582, 10000, 1.3582]
(2, 3, 3, 4),0,[0, 10000, 0.0]
(2, 3, 3, 4),1,[34085, 10000, 3.4085]
(2, 3, 3, 4),2,[249850, 10000, 24.985]
(2, 3, 3, 4),3,[182958, 10000, 18.2958]
(2, 3, 3, 4),4,[249200, 10000, 24.92]
(2, 3, 3, 4),5,[180785, 10000, 18.0785]
(2, 3, 3, 4),6,[178644, 10000, 17.8644]
(2, 3, 3, 4),7,[161585, 10000, 16.1585]
(2, 3, 3, 4),8,[33275, 10000, 3.3275]
(2, 3, 3, 4),9,[59500, 10000, 5.95]
(2, 3, 3, 4),10,[177596, 10000, 17.7596]
(2, 3, 3, 4),11,[157744, 10000, 15.7744]
(2, 3, 3, 4),12,[179869, 10000, 17.9869]
(2, 3, 3, 4),13,[159190, 10000, 15.919]
(2, 3, 3, 4),14,[161159, 10000, 16.1159]
(2, 3, 3, 4),15,[160744, 10000, 16.0744]
(2, 3, 3, 5),0,[0, 10000, 0.0]
(2, 3, 3, 5),1,[32685, 10000, 3.2685]
(2, 3, 3, 5),2,[249550, 10000, 24.955]
(2, 3, 3, 5),3,[175672, 10000, 17.5672]
(2, 3, 3, 5),4,[250450, 10000, 25.045]
(2, 3, 3, 5),5,[175181, 10000, 17.5181]
(2, 3, 3, 5),6,[178022, 10000, 17.8022]
(2, 3, 3, 5),7,[159520, 10000, 15.952]
(2, 3, 3, 5),8,[32920, 10000, 3.292]
(2, 3, 3, 5),9,[61615, 10000, 6.1615]
(2, 3, 3, 5),10,[180662, 10000, 18.0662]
(2, 3, 3, 5),11,[161988, 10000, 16.1988]
(2, 3, 3, 5),12,[178147, 10000, 17.8147]
(2, 3, 3, 5),13,[159306, 10000, 15.9306]
(2, 3, 3, 5),14,[156567, 10000, 15.6567]
(2, 3, 3, 5),15,[163393, 10000, 16.3393]
(2, 3, 3, 6),0,[0, 10000, 0.0]
(2, 3, 3, 6),1,[33190, 10000, 3.319]
(2, 3, 3, 6),2,[251200, 10000, 25.12]
(2, 3, 3, 6),3,[180014, 10000, 18.0014]
(2, 3, 3, 6),4,[250250, 10000, 25.025]
(2, 3, 3, 6),5,[175789, 10000, 17.5789]
(2, 3, 3, 6),6,[174787, 10000, 17.4787]
(2, 3, 3, 6),7,[164217, 10000, 16.4217]
(2, 3, 3, 6),8,[32425, 10000, 3.2425]
(2, 3, 3, 6),9,[61375, 10000, 6.1375]
(2, 3, 3, 6),10,[175736, 10000, 17.5736]
(2, 3, 3, 6),11,[162532, 10000, 16.2532]
(2, 3, 3, 6),12,[174776, 10000, 17.4776]
(2, 3, 3, 6),13,[163963, 10000, 16.3963]
(2, 3, 3, 6),14,[160591, 10000, 16.0591]
(2, 3, 3, 6),15,[162480, 10000, 16.248]
(2, 3, 4, 4),0,[0, 10000, 0.0]
(2, 3, 4, 4),1,[32020, 10000, 3.202]
(2, 3, 4, 4),2,[33770, 10000, 3.377]
(2, 3, 4, 4),3,[59565, 10000, 5.9565]
(2, 3, 4, 4),4,[249150, 10000, 24.915]
(2, 3, 4, 4),5,[176159, 10000, 17.6159]
(2, 3, 4, 4),6,[180870, 10000, 18.087]
(2, 3, 4, 4),7,[157494, 10000, 15.7494]
(2, 3, 4, 4),8,[248200, 10000, 24.82]
(2, 3, 4, 4),9,[175751, 10000, 17.5751]
(2, 3, 4, 4),10,[179005, 10000, 17.9005]
(2, 3, 4, 4),11,[158809, 10000, 15.8809]
(2, 3, 4, 4),12,[177342, 10000, 17.7342]
(2, 3, 4, 4),13,[160607, 10000, 16.0607]
(2, 3, 4, 4),14,[159778, 10000, 15.9778]
(2, 3, 4, 4),15,[160163, 10000, 16.0163]
(2, 3, 4, 5),0,[0, 10000, 0.0]
(2, 3, 4, 5),1,[-252250, 10000, -25.225]
(2, 3, 4, 5),2,[-247700, 10000, -24.77]
(2, 3, 4, 5),3,[-321336, 10000, -32.1336]
(2, 3, 4, 5),4,[-250900, 10000, -25.09]
(2, 3, 4, 5),5,[-323170, 10000, -32.317]
(2, 3, 4, 5),6,[-320034, 10000, -32.0034]
(2, 3, 4, 5),7,[-336741, 10000, -33.6741]
(2, 3, 4, 5),8,[-249000, 10000, -24.9]
(2, 3, 4, 5),9,[-321090, 10000, -32.109]
(2, 3, 4, 5),10,[-322477, 10000, -32.2477]
(2, 3, 4, 5),11,[-340441, 10000, -34.0441]
(2, 3, 4, 5),12,[-318472, 10000, -31.8472]
(2, 3, 4, 5),13,[-340569, 10000, -34.0569]
(2, 3, 4, 5),14,[-336489, 10000, -33.6489]
(2, 3, 4, 5),15,[-338169, 10000, -33.8169]
(2, 3, 4, 6),0,[0, 10000, 0.0]
(2, 3, 4, 6),1,[-247450, 10000, -24.745]
(2, 3, 4, 6),2,[-247150, 10000, -24.715]
(2, 3, 4, 6),3,[-323001, 10000, -32.3001]
(2, 3, 4, 6),4,[-254350, 10000, -25.435]
(2, 3, 4, 6),5,[-323303, 10000, -32.3303]
(2, 3, 4, 6),6,[-318440, 10000, -31.844]
(2, 3, 4, 6),7,[-340265, 10000, -34.0265]
(2, 3, 4, 6),8,[-247250, 10000, -24.725]
(2, 3, 4, 6),9,[-318112, 10000, -31.8112]
(2, 3, 4, 6),10,[-317732, 10000, -31.7732]
(2, 3, 4, 6),11,[-336978, 10000, -33.6978]
(2, 3, 4, 6),12,[-317242, 10000, -31.7242]
(2, 3, 4, 6),13,[-340365, 10000, -34.0365]
(2, 3, 4, 6),14,[-331621, 10000, -33.1621]
(2, 3, 4, 6),15,[-338323, 10000, -33.8323]
(2, 3, 5, 5),0,[0, 10000, 0.0]
(2, 3, 5, 5),1,[33320, 10000, 3.332]
(2, 3, 5, 5),2,[33575, 10000, 3.3575]
(2, 3, 5, 5),3,[62120, 10000, 6.212]
(2, 3, 5, 5),4,[250400, 10000, 25.04]
(2, 3, 5, 5),5,[178302, 10000, 17.8302]
(2, 3, 5, 5),6,[176260, 10000, 17.626]
(2, 3, 5, 5),7,[156900, 10000, 15.69]
(2, 3, 5, 5),8,[248200, 10000, 24.82]
(2, 3, 5, 5),9,[177604, 10000, 17.7604]
(2, 3, 5, 5),10,[181542, 10000, 18.1542]
(2, 3, 5, 5),11,[157553, 10000, 15.7553]
(2, 3, 5, 5),12,[180525, 10000, 18.0525]
(2, 3, 5, 5),13,[160065, 10000, 16.0065]
(2, 3, 5, 5),14,[157771, 10000, 15.7771]
(2, 3, 5, 5),15,[160385, 10000, 16.0385]
(2, 3, 5, 6),0,[0, 10000, 0.0]
(2, 3, 5, 6),1,[-252700, 10000, -25.27]
(2, 3, 5, 6),2,[-249500, 10000, -24.95]
(2, 3, 5, 6),3,[-317727, 10000, -31.7727]
(2, 3, 5, 6),4,[-246250, 10000, -24.625]
(2, 3, 5, 6),5,[-317228, 10000, -31.7228]
(2, 3, 5, 6),6,[-323066, 10000, -32.3066]
(2, 3, 5, 6),7,[-339234, 10000, -33.9234]
(2, 3, 5, 6),8,[-248700, 10000, -24.87]
(2, 3, 5, 6),9,[-323262, 10000, -32.3262]
(2, 3, 5, 6),10,[-319972, 10000, -31.9972]
(2, 3, 5, 6),11,[-341565, 10000, -34.1565]
(2, 3, 5, 6),12,[-321966, 10000, -32.1966]
(2, 3, 5, 6),13,[-337696, 10000, -33.7696]
(2, 3, 5, 6),14,[-339231, 10000, -33.9231]
(2, 3, 5, 6),15,[-339823, 10000, -33.9823]
(2, 3, 6, 6),0,[0, 10000, 0.0]
(2, 3, 6, 6),1,[32865, 10000, 3.2865]
(2, 3, 6, 6),2,[32435, 10000, 3.2435]
(2, 3, 6, 6),3,[60720, 10000, 6.072]
(2, 3, 6, 6),4,[250050, 10000, 25.005]
(2, 3, 6, 6),5,[174545, 10000, 17.4545]
(2, 3, 6, 6),6,[179677, 10000, 17.9677]
(2, 3, 6, 6),7,[159799, 10000, 15.9799]
(2, 3, 6, 6),8,[250650, 10000, 25.065]
(2, 3, 6, 6),9,[177164, 10000, 17.7164]
(2, 3, 6, 6),10,[177695, 10000, 17.7695]
(2, 3, 6, 6),11,[161873, 10000, 16.1873]
(2, 3, 6, 6),12,[177188, 10000, 17.7188]
(2, 3, 6, 6),13,[163950, 10000, 16.395]
(2, 3, 6, 6),14,[158843, 10000, 15.8843]
(2, 3, 6, 6),15,[162080, 10000, 16.208]
(2, 4, 4, 4),0,[0, 10000, 0.0]
(2, 4, 4, 4),1,[41725, 10000, 4.1725]
(2, 4, 4, 4),2,[-117165, 10000, -11.7165]
(2, 4, 4, 4),3,[-89755, 10000, -8.9755]
(2, 4, 4, 4),4,[-116740, 10000, -11.674]
(2, 4, 4, 4),5,[-88955, 10000, -8.8955]
(2, 4, 4, 4),6,[29069, 10000, 2.9069]
(2, 4, 4, 4),7,[9336, 10000, 0.9336]
(2, 4, 4, 4),8,[-115730, 10000, -11.573]
(2, 4, 4, 4),9,[-89065, 10000, -8.9065]
(2, 4, 4, 4),10,[30125, 10000, 3.0125]
(2, 4, 4, 4),11,[9580, 10000, 0.958]
(2, 4, 4, 4),12,[31913, 10000, 3.1913]
(2, 4, 4, 4),13,[8712, 10000, 0.8712]
(2, 4, 4, 4),14,[14397, 10000, 1.4397]
(2, 4, 4, 4),15,[11001, 10000, 1.1001]
(2, 4, 4, 5),0,[0, 10000, 0.0]
(2, 4, 4, 5),1,[32995, 10000, 3.2995]
(2, 4, 4, 5),2,[250550, 10000, 25.055]
(2, 4, 4, 5),3,[175225, 10000, 17.5225]
(2, 4, 4, 5),4,[249850, 10000, 24.985]
(2, 4, 4, 5),5,[177742, 10000, 17.7742]
(2, 4, 4, 5),6,[179259, 10000, 17.9259]
(2, 4, 4, 5),7,[162719, 10000, 16.2719]
(2, 4, 4, 5),8,[34740, 10000, 3.474]
(2, 4, 4, 5),9,[62370, 10000, 6.237]
(2, 4, 4, 5),10,[180159, 10000, 18.0159]
(2, 4, 4, 5),11,[159182, 10000, 15.9182]
(2, 4, 4, 5),12,[179238, 10000, 17.9238]
(2, 4, 4, 5),13,[158330, 10000, 15.833]
(2, 4, 4, 5),14,[162743, 10000, 16.2743]
(2, 4, 4, 5),15,[163324, 10000, 16.3324]
(2, 4, 4, 6),0,[0, 10000, 0.0]
(2, 4, 4, 6),1,[32455, 10000, 3.2455]
(2, 4, 4, 6),2,[244550, 10000, 24.455]
(2, 4, 4, 6),3,[177457, 10000, 17.7457]
(2, 4, 4, 6),4,[250300, 10000, 25.03]
(2, 4, 4, 6),5,[177127, 10000, 17.7127]
(2, 4, 4, 6),6,[179048, 10000, 17.9048]
(2, 4, 4, 6),7,[162536, 10000, 16.2536]
(2, 4, 4, 6),8,[33350, 10000, 3.335]
(2, 4, 4, 6),9,[61625, 10000, 6.1625]
(2, 4, 4, 6),10,[181591, 10000, 18.1591]
(2, 4, 4, 6),11,[158693, 10000, 15.8693]
(2, 4, 4, 6),12,[180445, 10000, 18.0445]
(2, 4, 4, 6),13,[159171, 10000, 15.9171]
(2, 4, 4, 6),14,[164251, 10000, 16.4251]
(2, 4, 4, 6),15,[163826, 10000, 16.3826]
(2, 4, 5, 5),0,[0, 10000, 0.0]
(2, 4, 5, 5),1,[33745, 10000, 3.3745]
(2, 4, 5, 5),2,[33810, 10000, 3.381]
(2, 4, 5, 5),3,[60790, 10000, 6.079]
(2, 4, 5, 5),4,[251700, 10000, 25.17]
(2, 4, 5, 5),5,[180372, 10000, 18.0372]
(2, 4, 5, 5),6,[178135, 10000, 17.8135]
(2, 4, 5, 5),7,[162312, 10000, 16.2312]
(2, 4, 5, 5),8,[251200, 10000, 25.12]
(2, 4, 5, 5),9,[179542, 10000, 17.9542]
(2, 4, 5, 5),10,[181378, 10000, 18.1378]
(2, 4, 5, 5),11,[157926, 10000, 15.7926]
(2, 4, 5, 5),12,[178479, 10000, 17.8479]
(2, 4, 5, 5),13,[163613, 10000, 16.3613]
(2, 4, 5, 5),14,[157787, 10000, 15.7787]
(2, 4, 5, 5),15,[160941, 10000, 16.0941]
(2, 4, 5, 6),0,[0, 10000, 0.0]
(2, 4, 5, 6),1,[-254050, 10000, -25.405]
(2, 4, 5, 6),2,[-251700, 10000, -25.17]
(2, 4, 5, 6),3,[-319404, 10000, -31.9404]
(2, 4, 5, 6),4,[-250600, 10000, -25.06]
(2, 4, 5, 6),5,[-323082, 10000, -32.3082]
(2, 4, 5, 6),6,[-320365, 10000, -32.0365]
(2, 4, 5, 6),7,[-342082, 10000, -34.2082]
(2, 4, 5, 6),8,[-248100, 10000, -24.81]
(2, 4, 5, 6),9,[-325208, 10000, -32.5208]
(2, 4, 5, 6),10,[-322738, 10000, -32.2738]
(2, 4, 5, 6),11,[-340126, 10000, -34.0126]
(2, 4, 5, 6),12,[-324022, 10000, -32.4022]
(2, 4, 5, 6),13,[-343134, 10000, -34.3134]
(2, 4, 5, 6),14,[-338649, 10000, -33.8649]
(2, 4, 5, 6),15,[-343290, 10000, -34.329]
(2, 4, 6, 6),0,[0, 10000, 0.0]
(2, 4, 6, 6),1,[33515, 10000, 3.3515]
(2, 4, 6, 6),2,[34355, 10000, 3.4355]
(2, 4, 6, 6),3,[62250, 10000, 6.225]
(2, 4, 6, 6),4,[246150, 10000, 24.615]
(2, 4, 6, 6),5,[172991, 10000, 17.2991]
(2, 4, 6, 6),6,[175881, 10000, 17.5881]
(2, 4, 6, 6),7,[161954, 10000, 16.1954]
(2, 4, 6, 6),8,[246200, 10000, 24.62]
(2, 4, 6, 6),9,[179344, 10000, 17.9344]
(2, 4, 6, 6),10,[179836, 10000, 17.9836]
(2, 4, 6, 6),11,[162819, 10000, 16.2819]
(2, 4, 6, 6),12,[177507, 10000, 17.7507]
(2, 4, 6, 6),13,[159913, 10000, 15.9913]
(2, 4, 6, 6),14,[161284, 10000, 16.1284]
(2, 4, 6, 6),15,[159849, 10000, 15.9849]
(2, 5, 5, 5),0,[0, 10000, 0.0]
(2, 5, 5, 5),1,[41975, 10000, 4.1975]
(2, 5, 5, 5),2,[-115795, 10000, -11.5795]
(2, 5, 5, 5),3,[-88535, 10000, -8.8535]
(2, 5, 5, 5),4,[-116590, 10000, -11.659]
(2, 5, 5, 5),5,[-89205, 10000, -8.9205]
(2, 5, 5, 5),6,[25170, 10000, 2.517]
(2, 5, 5, 5),7,[12063, 10000, 1.2063]
(2, 5, 5, 5),8,[-115875, 10000, -11.5875]
(2, 5, 5, 5),9,[-88110, 10000, -8.811]
(2, 5, 5, 5),10,[26088, 10000, 2.6088]
(2, 5, 5, 5),11,[12450, 10000, 1.245]
(2, 5, 5, 5),12,[22983, 10000, 2.2983]
(2, 5, 5, 5),13,[9898, 10000, 0.9898]
(2, 5, 5, 5),14,[12162, 10000, 1.2162]
(2, 5, 5, 5),15,[9725, 10000, 0.9725]
(2, 5, 5, 6),0,[0, 10000, 0.0]
(2, 5, 5, 6),1,[32535, 10000, 3.2535]
(2, 5, 5, 6),2,[249800, 10000, 24.98]
(2, 5, 5, 6),3,[180424, 10000, 18.0424]
(2, 5, 5, 6),4,[250000, 10000, 25.0]
(2, 5, 5, 6),5,[177457, 10000, 17.7457]
(2, 5, 5, 6),6,[177858, 10000, 17.7858]
(2, 5, 5, 6),7,[159793, 10000, 15.9793]
(2, 5, 5, 6),8,[33800, 10000, 3.38]
(2, 5, 5, 6),9,[59940, 10000, 5.994]
(2, 5, 5, 6),10,[178080, 10000, 17.808]
(2, 5, 5, 6),11,[161354, 10000, 16.1354]
(2, 5, 5, 6),12,[179147, 10000, 17.9147]
(2, 5, 5, 6),13,[159684, 10000, 15.9684]
(2, 5, 5, 6),14,[157459, 10000, 15.7459]
(2, 5, 5, 6),15,[165538, 10000, 16.5538]
(2, 5, 6, 6),0,[0, 10000, 0.0]
(2, 5, 6, 6),1,[33700, 10000, 3.37]
(2, 5, 6, 6),2,[33240, 10000, 3.324]
(2, 5, 6, 6),3,[61490, 10000, 6.149]
(2, 5, 6, 6),4,[256800, 10000, 25.68]
(2, 5, 6, 6),5,[173882, 10000, 17.3882]
(2, 5, 6, 6),6,[175627, 10000, 17.5627]
(2, 5, 6, 6),7,[163142, 10000, 16.3142]
(2, 5, 6, 6),8,[251450, 10000, 25.145]
(2, 5, 6, 6),9,[179568, 10000, 17.9568]
(2, 5, 6, 6),10,[177743, 10000, 17.7743]
(2, 5, 6, 6),11,[158095, 10000, 15.8095]
(2, 5, 6, 6),12,[178813, 10000, 17.8813]
(2, 5, 6, 6),13,[157529, 10000, 15.7529]
(2, 5, 6, 6),14,[159633, 10000, 15.9633]
(2, 5, 6, 6),15,[159164, 10000, 15.9164]
(2, 6, 6, 6),0,[0, 10000, 0.0]
(2, 6, 6, 6),1,[41600, 10000, 4.16]
(2, 6, 6, 6),2,[-115470, 10000, -11.547]
(2, 6, 6, 6),3,[-88595, 10000, -8.8595]
(2, 6, 6, 6),4,[-116130, 10000, -11.613]
(2, 6, 6, 6),5,[-89420, 10000, -8.942]
(2, 6, 6, 6),6,[32332, 10000, 3.2332]
(2, 6, 6, 6),7,[11080, 10000, 1.108]
(2, 6, 6, 6),8,[-116355, 10000, -11.6355]
(2, 6, 6, 6),9,[-89020, 10000, -8.902]
(2, 6, 6, 6),10,[29606, 10000, 2.9606]
(2, 6, 6, 6),11,[11519, 10000, 1.1519]
(2, 6, 6, 6),12,[30201, 10000, 3.0201]
(2, 6, 6, 6),13,[9296, 10000, 0.9296]
(2, 6, 6, 6),14,[14223, 10000, 1.4223]
(2, 6, 6, 6),15,[10394, 10000, 1.0394]
(3, 3, 3, 3),0,[0, 10000, 0.0]
(3, 3, 3, 3),1,[-208650, 10000, -20.865]
(3, 3, 3, 3),2,[-207850, 10000, -20.785]
(3, 3, 3, 3),3,[-337320, 10000, -33.732]
(3, 3, 3, 3),4,[-208625, 10000, -20.8625]
(3, 3, 3, 3),5,[-339370, 10000, -33.937]
(3, 3, 3, 3),6,[-337300, 10000, -33.73]
(3, 3, 3, 3),7,[-239706, 10000, -23.9706]
(3, 3, 3, 3),8,[-208050, 10000, -20.805]
(3, 3, 3, 3),9,[-339470, 10000, -33.947]
(3, 3, 3, 3),10,[-340035, 10000, -34.0035]
(3, 3, 3, 3),11,[-237465, 10000, -23.7465]
(3, 3, 3, 3),12,[-339100, 10000, -33.91]
(3, 3, 3, 3),13,[-239105, 10000, -23.9105]
(3, 3, 3, 3),14,[-239976, 10000, -23.9976]
(3, 3, 3, 3),15,[-234775, 10000, -23.4775]
(3, 3, 3, 4),0,[0, 10000, 0.0]
(3, 3, 3, 4),1,[-116925, 10000, -11.6925]
(3, 3, 3, 4),2,[-116980, 10000, -11.698]
(3, 3, 3, 4),3,[27567, 10000, 2.7567]
(3, 3, 3, 4),4,[-116200, 10000, -11.62]
(3, 3, 3, 4),5,[32251, 10000, 3.2251]
(3, 3, 3, 4),6,[26473, 10000, 2.6473]
(3, 3, 3, 4),7,[7376, 10000, 0.7376]
(3, 3, 3, 4),8,[42150, 10000, 4.215]
(3, 3, 3, 4),9,[-88490, 10000, -8.849]
(3, 3, 3, 4),10,[-89195, 10000, -8.9195]
(3, 3, 3, 4),11,[11924, 10000, 1.1924]
(3, 3, 3, 4),12,[-88895, 10000, -8.8895]
(3, 3, 3, 4),13,[13815, 10000, 1.3815]
(3, 3, 3, 4),14,[11133, 10000, 1.1133]
(3, 3, 3, 4),15,[17946, 10000, 1.7946]
(3, 3, 3, 5),0,[0, 10000, 0.0]
(3, 3, 3, 5),1,[-116620, 10000, -11.662]
(3, 3, 3, 5),2,[-116195, 10000, -11.6195]
(3, 3, 3, 5),3,[30106, 10000, 3.0106]
(3, 3, 3, 5),4,[-115770, 10000, -11.577]
(3, 3, 3, 5),5,[28422, 10000, 2.8422]
(3, 3, 3, 5),6,[26812, 10000, 2.6812]
(3, 3, 3, 5),7,[4850, 10000, 0.485]
(3, 3, 3, 5),8,[42425, 10000, 4.2425]
(3, 3, 3, 5),9,[-88935, 10000, -8.8935]
(3, 3, 3, 5),10,[-90765, 10000, -9.0765]
(3, 3, 3, 5),11,[11973, 10000, 1.1973]
(3, 3, 3, 5),12,[-89070, 10000, -8.907]
(3, 3, 3, 5),13,[14921, 10000, 1.4921]
(3, 3, 3, 5),14,[12556, 10000, 1.2556]
(3, 3, 3, 5),15,[13325, 10000, 1.3325]
(3, 3, 3, 6),0,[0, 10000, 0.0]
(3, 3, 3, 6),1,[-117090, 10000, -11.709]
(3, 3, 3, 6),2,[-116745, 10000, -11.6745]
(3, 3, 3, 6),3,[29323, 10000, 2.9323]
(3, 3, 3, 6),4,[-116775, 10000, -11.6775]
(3, 3, 3, 6),5,[27382, 10000, 2.7382]
(3, 3, 3, 6),6,[27408, 10000, 2.7408]
(3, 3, 3, 6),7,[9433, 10000, 0.9433]
(3, 3, 3, 6),8,[42250, 10000, 4.225]
(3, 3, 3, 6),9,[-90605, 10000, -9.0605]
(3, 3, 3, 6),10,[-88445, 10000, -8.8445]
(3, 3, 3, 6),11,[9421, 10000, 0.9421]
(3, 3, 3, 6),12,[-89340, 10000, -8.934]
(3, 3, 3, 6),13,[7560, 10000, 0.756]
(3, 3, 3, 6),14,[10312, 10000, 1.0312]
(3, 3, 3, 6),15,[13375, 10000, 1.3375]
(3, 3, 4, 4),0,[0, 10000, 0.0]
(3, 3, 4, 4),1,[-16585, 10000, -1.6585]
(3, 3, 4, 4),2,[-16175, 10000, -1.6175]
(3, 3, 4, 4),3,[11355, 10000, 1.1355]
(3, 3, 4, 4),4,[-15505, 10000, -1.5505]
(3, 3, 4, 4),5,[130160, 10000, 13.016]
(3, 3, 4, 4),6,[131760, 10000, 13.176]
(3, 3, 4, 4),7,[110409, 10000, 11.0409]
(3, 3, 4, 4),8,[-16995, 10000, -1.6995]
(3, 3, 4, 4),9,[124497, 10000, 12.4497]
(3, 3, 4, 4),10,[130833, 10000, 13.0833]
(3, 3, 4, 4),11,[110586, 10000, 11.0586]
(3, 3, 4, 4),12,[10670, 10000, 1.067]
(3, 3, 4, 4),13,[111688, 10000, 11.1688]
(3, 3, 4, 4),14,[108162, 10000, 10.8162]
(3, 3, 4, 4),15,[111790, 10000, 11.179]
(3, 3, 4, 5),0,[0, 10000, 0.0]
(3, 3, 4, 5),1,[249600, 10000, 24.96]
(3, 3, 4, 5),2,[248800, 10000, 24.88]
(3, 3, 4, 5),3,[180797, 10000, 18.0797]
(3, 3, 4, 5),4,[33440, 10000, 3.344]
(3, 3, 4, 5),5,[182439, 10000, 18.2439]
(3, 3, 4, 5),6,[174779, 10000, 17.4779]
(3, 3, 4, 5),7,[161661, 10000, 16.1661]
(3, 3, 4, 5),8,[33570, 10000, 3.357]
(3, 3, 4, 5),9,[181580, 10000, 18.158]
(3, 3, 4, 5),10,[180120, 10000, 18.012]
(3, 3, 4, 5),11,[160001, 10000, 16.0001]
(3, 3, 4, 5),12,[62265, 10000, 6.2265]
(3, 3, 4, 5),13,[162567, 10000, 16.2567]
(3, 3, 4, 5),14,[158105, 10000, 15.8105]
(3, 3, 4, 5),15,[160856, 10000, 16.0856]
(3, 3, 4, 6),0,[0, 10000, 0.0]
(3, 3, 4, 6),1,[249250, 10000, 24.925]
(3, 3, 4, 6),2,[249750, 10000, 24.975]
(3, 3, 4, 6),3,[176933, 10000, 17.6933]
(3, 3, 4, 6),4,[32475, 10000, 3.2475]
(3, 3, 4, 6),5,[180926, 10000, 18.0926]
(3, 3, 4, 6),6,[178414, 10000, 17.8414]
(3, 3, 4, 6),7,[159480, 10000, 15.948]
(3, 3, 4, 6),8,[33205, 10000, 3.3205]
(3, 3, 4, 6),9,[174813, 10000, 17.4813]
(3, 3, 4, 6),10,[174737, 10000, 17.4737]
(3, 3, 4, 6),11,[161914, 10000, 16.1914]
(3, 3, 4, 6),12,[61915, 10000, 6.1915]
(3, 3, 4, 6),13,[161545, 10000, 16.1545]
(3, 3, 4, 6),14,[164603, 10000, 16.4603]
(3, 3, 4, 6),15,[161795, 10000, 16.1795]
(3, 3, 5, 5),0,[0, 10000, 0.0]
(3, 3, 5, 5),1,[-16130, 10000, -1.613]
(3, 3, 5, 5),2,[-16765, 10000, -1.6765]
(3, 3, 5, 5),3,[11145, 10000, 1.1145]
(3, 3, 5, 5),4,[-16935, 10000, -1.6935]
(3, 3, 5, 5),5,[128302, 10000, 12.8302]
(3, 3, 5, 5),6,[128291, 10000, 12.8291]
(3, 3, 5, 5),7,[110845, 10000, 11.0845]
(3, 3, 5, 5),8,[-17155, 10000, -1.7155]
(3, 3, 5, 5),9,[132958, 10000, 13.2958]
(3, 3, 5, 5),10,[127741, 10000, 12.7741]
(3, 3, 5, 5),11,[116306, 10000, 11.6306]
(3, 3, 5, 5),12,[8520, 10000, 0.852]
(3, 3, 5, 5),13,[107267, 10000, 10.7267]
(3, 3, 5, 5),14,[108387, 10000, 10.8387]
(3, 3, 5, 5),15,[114280, 10000, 11.428]
(3, 3, 5, 6),0,[0, 10000, 0.0]
(3, 3, 5, 6),1,[249350, 10000, 24.935]
(3, 3, 5, 6),2,[247500, 10000, 24.75]
(3, 3, 5, 6),3,[180042, 10000, 18.0042]
(3, 3, 5, 6),4,[32340, 10000, 3.234]
(3, 3, 5, 6),5,[183756, 10000, 18.3756]
(3, 3, 5, 6),6,[180214, 10000, 18.0214]
(3, 3, 5, 6),7,[157528, 10000, 15.7528]
(3, 3, 5, 6),8,[33815, 10000, 3.3815]
(3, 3, 5, 6),9,[179971, 10000, 17.9971]
(3, 3, 5, 6),10,[179617, 10000, 17.9617]
(3, 3, 5, 6),11,[160317, 10000, 16.0317]
(3, 3, 5, 6),12,[62245, 10000, 6.2245]
(3, 3, 5, 6),13,[161370, 10000, 16.137]
(3, 3, 5, 6),14,[159560, 10000, 15.956]
(3, 3, 5, 6),15,[164542, 10000, 16.4542]
(3, 3, 6, 6),0,[0, 10000, 0.0]
(3, 3, 6, 6),1,[-17895, 10000, -1.7895]
(3, 3, 6, 6),2,[-16240, 10000, -1.624]
(3, 3, 6, 6),3,[11130, 10000, 1.113]
(3, 3, 6, 6),4,[-16625, 10000, -1.6625]
(3, 3, 6, 6),5,[125300, 10000, 12.53]
(3, 3, 6, 6),6,[129887, 10000, 12.9887]
(3, 3, 6, 6),7,[110220, 10000, 11.022]
(3, 3, 6, 6),8,[-15690, 10000, -1.569]
(3, 3, 6, 6),9,[126179, 10000, 12.6179]
(3, 3, 6, 6),10,[125739, 10000, 12.5739]
(3, 3, 6, 6),11,[106536, 10000, 10.6536]
(3, 3, 6, 6),12,[13460, 10000, 1.346]
(3, 3, 6, 6),13,[109186, 10000, 10.9186]
(3, 3, 6, 6),14,[107951, 10000, 10.7951]
(3, 3, 6, 6),15,[111910, 10000, 11.191]
(3, 4, 4, 4),0,[0, 10000, 0.0]
(3, 4, 4, 4),1,[41900, 10000, 4.19]
(3, 4, 4, 4),2,[-116210, 10000, -11.621]
(3, 4, 4, 4),3,[-89130, 10000, -8.913]
(3, 4, 4, 4),4,[-117215, 10000, -11.7215]
(3, 4, 4, 4),5,[-87735, 10000, -8.7735]
(3, 4, 4, 4),6,[28328, 10000, 2.8328]
(3, 4, 4, 4),7,[7838, 10000, 0.7838]
(3, 4, 4, 4),8,[-117485, 10000, -11.7485]
(3, 4, 4, 4),9,[-90045, 10000, -9.0045]
(3, 4, 4, 4),10,[30640, 10000, 3.064]
(3, 4, 4, 4),11,[9364, 10000, 0.9364]
(3, 4, 4, 4),12,[29112, 10000, 2.9112]
(3, 4, 4, 4),13,[9110, 10000, 0.911]
(3, 4, 4, 4),14,[9284, 10000, 0.9284]
(3, 4, 4, 4),15,[5545, 10000, 0.5545]
(3, 4, 4, 5),0,[0, 10000, 0.0]
(3, 4, 4, 5),1,[33105, 10000, 3.3105]
(3, 4, 4, 5),2,[251850, 10000, 25.185]
(3, 4, 4, 5),3,[176585, 10000, 17.6585]
(3, 4, 4, 5),4,[254300, 10000, 25.43]
(3, 4, 4, 5),5,[176218, 10000, 17.6218]
(3, 4, 4, 5),6,[174645, 10000, 17.4645]
(3, 4, 4, 5),7,[160035, 10000, 16.0035]
(3, 4, 4, 5),8,[33040, 10000, 3.304]
(3, 4, 4, 5),9,[61355, 10000, 6.1355]
(3, 4, 4, 5),10,[173770, 10000, 17.377]
(3, 4, 4, 5),11,[160332, 10000, 16.0332]
(3, 4, 4, 5),12,[177448, 10000, 17.7448]
(3, 4, 4, 5),13,[158908, 10000, 15.8908]
(3, 4, 4, 5),14,[160606, 10000, 16.0606]
(3, 4, 4, 5),15,[163838, 10000, 16.3838]
(3, 4, 4, 6),0,[0, 10000, 0.0]
(3, 4, 4, 6),1,[34080, 10000, 3.408]
(3, 4, 4, 6),2,[250700, 10000, 25.07]
(3, 4, 4, 6),3,[176168, 10000, 17.6168]
(3, 4, 4, 6),4,[247250, 10000, 24.725]
(3, 4, 4, 6),5,[183595, 10000, 18.3595]
(3, 4, 4, 6),6,[179375, 10000, 17.9375]
(3, 4, 4, 6),7,[158697, 10000, 15.8697]
(3, 4, 4, 6),8,[34100, 10000, 3.41]
(3, 4, 4, 6),9,[60170, 10000, 6.017]
(3, 4, 4, 6),10,[181470, 10000, 18.147]
(3, 4, 4, 6),11,[159710, 10000, 15.971]
(3, 4, 4, 6),12,[176151, 10000, 17.6151]
(3, 4, 4, 6),13,[156692, 10000, 15.6692]
(3, 4, 4, 6),14,[162334, 10000, 16.2334]
(3, 4, 4, 6),15,[162115, 10000, 16.2115]
(3, 4, 5, 5),0,[0, 10000, 0.0]
(3, 4, 5, 5),1,[33800, 10000, 3.38]
(3, 4, 5, 5),2,[33240, 10000, 3.324]
(3, 4, 5, 5),3,[61360, 10000, 6.136]
(3, 4, 5, 5),4,[250200, 10000, 25.02]
(3, 4, 5, 5),5,[175749, 10000, 17.5749]
(3, 4, 5, 5),6,[175865, 10000, 17.5865]
(3, 4, 5, 5),7,[160184, 10000, 16.0184]
(3, 4, 5, 5),8,[252400, 10000, 25.24]
(3, 4, 5, 5),9,[175114, 10000, 17.5114]
(3, 4, 5, 5),10,[183486, 10000, 18.3486]
(3, 4, 5, 5),11,[161595, 10000, 16.1595]
(3, 4, 5, 5),12,[178077, 10000, 17.8077]
(3, 4, 5, 5),13,[162613, 10000, 16.2613]
(3, 4, 5, 5),14,[160702, 10000, 16.0702]
(3, 4, 5, 5),15,[163003, 10000, 16.3003]
(3, 4, 5, 6),0,[0, 10000, 0.0]
(3, 4, 5, 6),1,[-250550, 10000, -25.055]
(3, 4, 5, 6),2,[-252700, 10000, -25.27]
(3, 4, 5, 6),3,[-323057, 10000, -32.3057]
(3, 4, 5, 6),4,[-251600, 10000, -25.16]
(3, 4, 5, 6),5,[-319473, 10000, -31.9473]
(3, 4, 5, 6),6,[-324430, 10000, -32.443]
(3, 4, 5, 6),7,[-340860, 10000, -34.086]
(3, 4, 5, 6),8,[-247250, 10000, -24.725]
(3, 4, 5, 6),9,[-324595, 10000, -32.4595]
(3, 4, 5, 6),10,[-319836, 10000, -31.9836]
(3, 4, 5, 6),11,[-340085, 10000, -34.0085]
(3, 4, 5, 6),12,[-318539, 10000, -31.8539]
(3, 4, 5, 6),13,[-337836, 10000, -33.7836]
(3, 4, 5, 6),14,[-337900, 10000, -33.79]
(3, 4, 5, 6),15,[-339690, 10000, -33.969]
(3, 4, 6, 6),0,[0, 10000, 0.0]
(3, 4, 6, 6),1,[34240, 10000, 3.424]
(3, 4, 6, 6),2,[32945, 10000, 3.2945]
(3, 4, 6, 6),3,[60505, 10000, 6.0505]
(3, 4, 6, 6),4,[249050, 10000, 24.905]
(3, 4, 6, 6),5,[175004, 10000, 17.5004]
(3, 4, 6, 6),6,[178589, 10000, 17.8589]
(3, 4, 6, 6),7,[160811, 10000, 16.0811]
(3, 4, 6, 6),8,[247500, 10000, 24.75]
(3, 4, 6, 6),9,[175573, 10000, 17.5573]
(3, 4, 6, 6),10,[179725, 10000, 17.9725]
(3, 4, 6, 6),11,[162131, 10000, 16.2131]
(3, 4, 6, 6),12,[180565, 10000, 18.0565]
(3, 4, 6, 6),13,[162373, 10000, 16.2373]
(3, 4, 6, 6),14,[162139, 10000, 16.2139]
(3, 4, 6, 6),15,[164750, 10000, 16.475]
(3, 5, 5, 5),0,[0, 10000, 0.0]
(3, 5, 5, 5),1,[40925, 10000, 4.0925]
(3, 5, 5, 5),2,[-117090, 10000, -11.709]
(3, 5, 5, 5),3,[-87515, 10000, -8.7515]
(3, 5, 5, 5),4,[-116415, 10000, -11.6415]
(3, 5, 5, 5),5,[-90330, 10000, -9.033]
(3, 5, 5, 5),6,[25207, 10000, 2.5207]
(3, 5, 5, 5),7,[11108, 10000, 1.1108]
(3, 5, 5, 5),8,[-116360, 10000, -11.636]
(3, 5, 5, 5),9,[-90790, 10000, -9.079]
(3, 5, 5, 5),10,[27525, 10000, 2.7525]
(3, 5, 5, 5),11,[7543, 10000, 0.7543]
(3, 5, 5, 5),12,[32355, 10000, 3.2355]
(3, 5, 5, 5),13,[8942, 10000, 0.8942]
(3, 5, 5, 5),14,[11607, 10000, 1.1607]
(3, 5, 5, 5),15,[6543, 10000, 0.6543]
(3, 5, 5, 6),0,[0, 10000, 0.0]
(3, 5, 5, 6),1,[32955, 10000, 3.2955]
(3, 5, 5, 6),2,[252950, 10000, 25.295]
(3, 5, 5, 6),3,[174081, 10000, 17.4081]
(3, 5, 5, 6),4,[247400, 10000, 24.74]
(3, 5, 5, 6),5,[177251, 10000, 17.7251]
(3, 5, 5, 6),6,[178881, 10000, 17.8881]
(3, 5, 5, 6),7,[160958, 10000, 16.0958]
(3, 5, 5, 6),8,[32830, 10000, 3.283]
(3, 5, 5, 6),9,[60785, 10000, 6.0785]
(3, 5, 5, 6),10,[174734, 10000, 17.4734]
(3, 5, 5, 6),11,[158638, 10000, 15.8638]
(3, 5, 5, 6),12,[176766, 10000, 17.6766]
(3, 5, 5, 6),13,[158145, 10000, 15.8145]
(3, 5, 5, 6),14,[166010, 10000, 16.601]
(3, 5, 5, 6),15,[164573, 10000, 16.4573]
(3, 5, 6, 6),0,[0, 10000, 0.0]
(3, 5, 6, 6),1,[34680, 10000, 3.468]
(3, 5, 6, 6),2,[33295, 10000, 3.3295]
(3, 5, 6, 6),3,[60250, 10000, 6.025]
(3, 5, 6, 6),4,[246150, 10000, 24.615]
(3, 5, 6, 6),5,[178177, 10000, 17.8177]
(3, 5, 6, 6),6,[173431, 10000, 17.3431]
(3, 5, 6, 6),7,[162810, 10000, 16.281]
(3, 5, 6, 6),8,[249550, 10000, 24.955]
(3, 5, 6, 6),9,[182640, 10000, 18.264]
(3, 5, 6, 6),10,[180725, 10000, 18.0725]
(3, 5, 6, 6),11,[158832, 10000, 15.8832]
(3, 5, 6, 6),12,[182544, 10000, 18.2544]
(3, 5, 6, 6),13,[158265, 10000, 15.8265]
(3, 5, 6, 6),14,[162638, 10000, 16.2638]
(3, 5, 6, 6),15,[161653, 10000, 16.1653]
(3, 6, 6, 6),0,[0, 10000, 0.0]
(3, 6, 6, 6),1,[41400, 10000, 4.14]
(3, 6, 6, 6),2,[-115130, 10000, -11.513]
(3, 6, 6, 6),3,[-89180, 10000, -8.918]
(3, 6, 6, 6),4,[-117215, 10000, -11.7215]
(3, 6, 6, 6),5,[-87340, 10000, -8.734]
(3, 6, 6, 6),6,[29904, 10000, 2.9904]
(3, 6, 6, 6),7,[8714, 10000, 0.8714]
(3, 6, 6, 6),8,[-116845, 10000, -11.6845]
(3, 6, 6, 6),9,[-90280, 10000, -9.028]
(3, 6, 6, 6),10,[25428, 10000, 2.5428]
(3, 6, 6, 6),11,[6401, 10000, 0.6401]
(3, 6, 6, 6),12,[28475, 10000, 2.8475]
(3, 6, 6, 6),13,[7975, 10000, 0.7975]
(3, 6, 6, 6),14,[8815, 10000, 0.8815]
(3, 6, 6, 6),15,[12250, 10000, 1.225]
(4, 4, 4, 4),0,[0, 10000, 0.0]
(4, 4, 4, 4),1,[-209500, 10000, -20.95]
(4, 4, 4, 4),2,[-208725, 10000, -20.8725]
(4, 4, 4, 4),3,[-339875, 10000, -33.9875]
(4, 4, 4, 4),4,[-209350, 10000, -20.935]
(4, 4, 4, 4),5,[-338325, 10000, -33.8325]
(4, 4, 4, 4),6,[-338305, 10000, -33.8305]
(4, 4, 4, 4),7,[-240281, 10000, -24.0281]
(4, 4, 4, 4),8,[-208150, 10000, -20.815]
(4, 4, 4, 4),9,[-339180, 10000, -33.918]
(4, 4, 4, 4),10,[-339310, 10000, -33.931]
(4, 4, 4, 4),11,[-238126, 10000, -23.8126]
(4, 4, 4, 4),12,[-337535, 10000, -33.7535]
(4, 4, 4, 4),13,[-237184, 10000, -23.7184]
(4, 4, 4, 4),14,[-239438, 10000, -23.9438]
(4, 4, 4, 4),15,[-235445, 10000, -23.5445]
(4, 4, 4, 5),0,[0, 10000, 0.0]
(4, 4, 4, 5),1,[-117015, 10000, -11.7015]
(4, 4, 4, 5),2,[-115600, 10000, -11.56]
(4, 4, 4, 5),3,[25692, 10000, 2.5692]
(4, 4, 4, 5),4,[-117425, 10000, -11.7425]
(4, 4, 4, 5),5,[28120, 10000, 2.812]
(4, 4, 4, 5),6,[25599, 10000, 2.5599]
(4, 4, 4, 5),7,[8581, 10000, 0.8581]
(4, 4, 4, 5),8,[40825, 10000, 4.0825]
(4, 4, 4, 5),9,[-89165, 10000, -8.9165]
(4, 4, 4, 5),10,[-87580, 10000, -8.758]
(4, 4, 4, 5),11,[12822, 10000, 1.2822]
(4, 4, 4, 5),12,[-88135, 10000, -8.8135]
(4, 4, 4, 5),13,[8538, 10000, 0.8538]
(4, 4, 4, 5),14,[8428, 10000, 0.8428]
(4, 4, 4, 5),15,[8786, 10000, 0.8786]
(4, 4, 4, 6),0,[0, 10000, 0.0]
(4, 4, 4, 6),1,[-116890, 10000, -11.689]
(4, 4, 4, 6),2,[-116560, 10000, -11.656]
(4, 4, 4, 6),3,[29940, 10000, 2.994]
(4, 4, 4, 6),4,[-116430, 10000, -11.643]
(4, 4, 4, 6),5,[29763, 10000, 2.9763]
(4, 4, 4, 6),6,[27876, 10000, 2.7876]
(4, 4, 4, 6),7,[11528, 10000, 1.1528]
(4, 4, 4, 6),8,[42575, 10000, 4.2575]
(4, 4, 4, 6),9,[-87805, 10000, -8.7805]
(4, 4, 4, 6),10,[-89380, 10000, -8.938]
(4, 4, 4, 6),11,[10906, 10000, 1.0906]
(4, 4, 4, 6),12,[-88905, 10000, -8.8905]
(4, 4, 4, 6),13,[14497, 10000, 1.4497]
(4, 4, 4, 6),14,[9915, 10000, 0.9915]
(4, 4, 4, 6),15,[12032, 10000, 1.2032]
(4, 4, 5, 5),0,[0, 10000, 0.0]
(4, 4, 5, 5),1,[-16135, 10000, -1.6135]
(4, 4, 5, 5),2,[-17415, 10000, -1.7415]
(4, 4, 5, 5),3,[11400, 10000, 1.14]
(4, 4, 5, 5),4,[-17005, 10000, -1.7005]
(4, 4, 5, 5),5,[126726, 10000, 12.6726]
(4, 4, 5, 5),6,[124707, 10000, 12.4707]
(4, 4, 5, 5),7,[111575, 10000, 11.1575]
(4, 4, 5, 5),8,[-17275, 10000, -1.7275]
(4, 4, 5, 5),9,[129918, 10000, 12.9918]
(4, 4, 5, 5),10,[124412, 10000, 12.4412]
(4, 4, 5, 5),11,[114246, 10000, 11.4246]
(4, 4, 5, 5),12,[11010, 10000, 1.101]
(4, 4, 5, 5),13,[110249, 10000, 11.0249]
(4, 4, 5, 5),14,[112527, 10000, 11.2527]
(4, 4, 5, 5),15,[111996, 10000, 11.1996]
(4, 4, 5, 6),0,[0, 10000, 0.0]
(4, 4, 5, 6),1,[251800, 10000, 25.18]
(4, 4, 5, 6),2,[249400, 10000, 24.94]
(4, 4, 5, 6),3,[178077, 10000, 17.8077]
(4, 4, 5, 6),4,[34040, 10000, 3.404]
(4, 4, 5, 6),5,[179381, 10000, 17.9381]
(4, 4, 5, 6),6,[178549, 10000, 17.8549]
(4, 4, 5, 6),7,[159888, 10000, 15.9888]
(4, 4, 5, 6),8,[33780, 10000, 3.378]
(4, 4, 5, 6),9,[174039, 10000, 17.4039]
(4, 4, 5, 6),10,[180300, 10000, 18.03]
(4, 4, 5, 6),11,[163351, 10000, 16.3351]
(4, 4, 5, 6),12,[60955, 10000, 6.0955]
(4, 4, 5, 6),13,[159777, 10000, 15.9777]
(4, 4, 5, 6),14,[159127, 10000, 15.9127]
(4, 4, 5, 6),15,[160658, 10000, 16.0658]
(4, 4, 6, 6),0,[0, 10000, 0.0]
(4, 4, 6, 6),1,[-15830, 10000, -1.583]
(4, 4, 6, 6),2,[-16960, 10000, -1.696]
(4, 4, 6, 6),3,[11325, 10000, 1.1325]
(4, 4, 6, 6),4,[-16860, 10000, -1.686]
(4, 4, 6, 6),5,[128606, 10000, 12.8606]
(4, 4, 6, 6),6,[126617, 10000, 12.6617]
(4, 4, 6, 6),7,[108554, 10000, 10.8554]
(4, 4, 6, 6),8,[-15950, 10000, -1.595]
(4, 4, 6, 6),9,[130355, 10000, 13.0355]
(4, 4, 6, 6),10,[127258, 10000, 12.7258]
(4, 4, 6, 6),11,[108374, 10000, 10.8374]
(4, 4, 6, 6),12,[10765, 10000, 1.0765]
(4, 4, 6, 6),13,[114182, 10000, 11.4182]
(4, 4, 6, 6),14,[107456, 10000, 10.7456]
(4, 4, 6, 6),15,[113290, 10000, 11.329]
(4, 5, 5, 5),0,[0, 10000, 0.0]
(4, 5, 5, 5),1,[41200, 10000, 4.12]
(4, 5, 5, 5),2,[-116675, 10000, -11.6675]
(4, 5, 5, 5),3,[-88030, 10000, -8.803]
(4, 5, 5, 5),4,[-116805, 10000, -11.6805]
(4, 5, 5, 5),5,[-89005, 10000, -8.9005]
(4, 5, 5, 5),6,[27179, 10000, 2.7179]
(4, 5, 5, 5),7,[6590, 10000, 0.659]
(4, 5, 5, 5),8,[-116790, 10000, -11.679]
(4, 5, 5, 5),9,[-88320, 10000, -8.832]
(4, 5, 5, 5),10,[25060, 10000, 2.506]
(4, 5, 5, 5),11,[10631, 10000, 1.0631]
(4, 5, 5, 5),12,[27024, 10000, 2.7024]
(4, 5, 5, 5),13,[7003, 10000, 0.7003]
(4, 5, 5, 5),14,[11161, 10000, 1.1161]
(4, 5, 5, 5),15,[12318, 10000, 1.2318]
(4, 5, 5, 6),0,[0, 10000, 0.0]
(4, 5, 5, 6),1,[32640, 10000, 3.264]
(4, 5, 5, 6),2,[253300, 10000, 25.33]
(4, 5, 5, 6),3,[177409, 10000, 17.7409]
(4, 5, 5, 6),4,[251550, 10000, 25.155]
(4, 5, 5, 6),5,[177278, 10000, 17.7278]
(4, 5, 5, 6),6,[177713, 10000, 17.7713]
(4, 5, 5, 6),7,[160740, 10000, 16.074]
(4, 5, 5, 6),8,[32670, 10000, 3.267]
(4, 5, 5, 6),9,[61555, 10000, 6.1555]
(4, 5, 5, 6),10,[177602, 10000, 17.7602]
(4, 5, 5, 6),11,[159413, 10000, 15.9413]
(4, 5, 5, 6),12,[178515, 10000, 17.8515]
(4, 5, 5, 6),13,[161665, 10000, 16.1665]
(4, 5, 5, 6),14,[159334, 10000, 15.9334]
(4, 5, 5, 6),15,[162787, 10000, 16.2787]
(4, 5, 6, 6),0,[0, 10000, 0.0]
(4, 5, 6, 6),1,[32760, 10000, 3.276]
(4, 5, 6, 6),2,[33340, 10000, 3.334]
(4, 5, 6, 6),3,[63130, 10000, 6.313]
(4, 5, 6, 6),4,[250800, 10000, 25.08]
(4, 5, 6, 6),5,[179451, 10000, 17.9451]
(4, 5, 6, 6),6,[179887, 10000, 17.9887]
(4, 5, 6, 6),7,[160677, 10000, 16.0677]
(4, 5, 6, 6),8,[244100, 10000, 24.41]
(4, 5, 6, 6),9,[179989, 10000, 17.9989]
(4, 5, 6, 6),10,[176174, 10000, 17.6174]
(4, 5, 6, 6),11,[159126, 10000, 15.9126]
(4, 5, 6, 6),12,[177742, 10000, 17.7742]
(4, 5, 6, 6),13,[161840, 10000, 16.184]
(4, 5, 6, 6),14,[161016, 10000, 16.1016]
(4, 5, 6, 6),15,[163732, 10000, 16.3732]
(4, 6, 6, 6),0,[0, 10000, 0.0]
(4, 6, 6, 6),1,[39450, 10000, 3.945]
(4, 6, 6, 6),2,[-116870, 10000, -11.687]
(4, 6, 6, 6),3,[-89655, 10000, -8.9655]
(4, 6, 6, 6),4,[-116310, 10000, -11.631]
(4, 6, 6, 6),5,[-88960, 10000, -8.896]
(4, 6, 6, 6),6,[26363, 10000, 2.6363]
(4, 6, 6, 6),7,[8644, 10000, 0.8644]
(4, 6, 6, 6),8,[-116630, 10000, -11.663]
(4, 6, 6, 6),9,[-88060, 10000, -8.806]
(4, 6, 6, 6),10,[28157, 10000, 2.8157]
(4, 6, 6, 6),11,[10252, 10000, 1.0252]
(4, 6, 6, 6),12,[28495, 10000, 2.8495]
(4, 6, 6, 6),13,[12081, 10000, 1.2081]
(4, 6, 6, 6),14,[11729, 10000, 1.1729]
(4, 6, 6, 6),15,[12280, 10000, 1.228]
(5, 5, 5, 5),0,[0, 10000, 0.0]
(5, 5, 5, 5),1,[-209250, 10000, -20.925]
(5, 5, 5, 5),2,[-208850, 10000, -20.885]
(5, 5, 5, 5),3,[-337525, 10000, -33.7525]
(5, 5, 5, 5),4,[-207375, 10000, -20.7375]
(5, 5, 5, 5),5,[-338425, 10000, -33.8425]
(5, 5, 5, 5),6,[-336735, 10000, -33.6735]
(5, 5, 5, 5),7,[-236095, 10000, -23.6095]
(5, 5, 5, 5),8,[-205800, 10000, -20.58]
(5, 5, 5, 5),9,[-339325, 10000, -33.9325]
(5, 5, 5, 5),10,[-339345, 10000, -33.9345]
(5, 5, 5, 5),11,[-236621, 10000, -23.6621]
(5, 5, 5, 5),12,[-337585, 10000, -33.7585]
(5, 5, 5, 5),13,[-236478, 10000, -23.6478]
(5, 5, 5, 5),14,[-240233, 10000, -24.0233]
(5, 5, 5, 5),15,[-236362, 10000, -23.6362]
(5, 5, 5, 6),0,[0, 10000, 0.0]
(5, 5, 5, 6),1,[-117090, 10000, -11.709]
(5, 5, 5, 6),2,[-117425, 10000, -11.7425]
(5, 5, 5, 6),3,[29787, 10000, 2.9787]
(5, 5, 5, 6),4,[-117355, 10000, -11.7355]
(5, 5, 5, 6),5,[29546, 10000, 2.9546]
(5, 5, 5, 6),6,[28412, 10000, 2.8412]
(5, 5, 5, 6),7,[7287, 10000, 0.7287]
(5, 5, 5, 6),8,[40825, 10000, 4.0825]
(5, 5, 5, 6),9,[-88780, 10000, -8.878]
(5, 5, 5, 6),10,[-87520, 10000, -8.752]
(5, 5, 5, 6),11,[9340, 10000, 0.934]
(5, 5, 5, 6),12,[-89055, 10000, -8.9055]
(5, 5, 5, 6),13,[9782, 10000, 0.9782]
(5, 5, 5, 6),14,[8755, 10000, 0.8755]
(5, 5, 5, 6),15,[11117, 10000, 1.1117]
(5, 5, 6, 6),0,[0, 10000, 0.0]
(5, 5, 6, 6),1,[-16815, 10000, -1.6815]
(5, 5, 6, 6),2,[-16695, 10000, -1.6695]
(5, 5, 6, 6),3,[10090, 10000, 1.009]
(5, 5, 6, 6),4,[-17160, 10000, -1.716]
(5, 5, 6, 6),5,[129998, 10000, 12.9998]
(5, 5, 6, 6),6,[126339, 10000, 12.6339]
(5, 5, 6, 6),7,[109508, 10000, 10.9508]
(5, 5, 6, 6),8,[-16435, 10000, -1.6435]
(5, 5, 6, 6),9,[128300, 10000, 12.83]
(5, 5, 6, 6),10,[126065, 10000, 12.6065]
(5, 5, 6, 6),11,[109970, 10000, 10.997]
(5, 5, 6, 6),12,[12165, 10000, 1.2165]
(5, 5, 6, 6),13,[112548, 10000, 11.2548]
(5, 5, 6, 6),14,[110791, 10000, 11.0791]
(5, 5, 6, 6),15,[110623, 10000, 11.0623]
(5, 6, 6, 6),0,[0, 10000, 0.0]
(5, 6, 6, 6),1,[42050, 10000, 4.205]
(5, 6, 6, 6),2,[-116170, 10000, -11.617]
(5, 6, 6, 6),3,[-89625, 10000, -8.9625]
(5, 6, 6, 6),4,[-117780, 10000, -11.778]
(5, 6, 6, 6),5,[-88400, 10000, -8.84]
(5, 6, 6, 6),6,[24228, 10000, 2.4228]
(5, 6, 6, 6),7,[7511, 10000, 0.7511]
(5, 6, 6, 6),8,[-116550, 10000, -11.655]
(5, 6, 6, 6),9,[-88025, 10000, -8.8025]
(5, 6, 6, 6),10,[29685, 10000, 2.9685]
(5, 6, 6, 6),11,[10109, 10000, 1.0109]
(5, 6, 6, 6),12,[28826, 10000, 2.8826]
(5, 6, 6, 6),13,[12625, 10000, 1.2625]
(5, 6, 6, 6),14,[10697, 10000, 1.0697]
(5, 6, 6, 6),15,[15168, 10000, 1.5168]
(6, 6, 6, 6),0,[0, 10000, 0.0]
(6, 6, 6, 6),1,[-207725, 10000, -20.7725]
(6, 6, 6, 6),2,[-208375, 10000, -20.8375]
(6, 6, 6, 6),3,[-337565, 10000, -33.7565]
(6, 6, 6, 6),4,[-208900, 10000, -20.89]
(6, 6, 6, 6),5,[-339000, 10000, -33.9]
(6, 6, 6, 6),6,[-338915, 10000, -33.8915]
(6, 6, 6, 6),7,[-242429, 10000, -24.2429]
(6, 6, 6, 6),8,[-208350, 10000, -20.835]
(6, 6, 6, 6),9,[-339135, 10000, -33.9135]
(6, 6, 6, 6),10,[-337345, 10000, -33.7345]
(6, 6, 6, 6),11,[-235348, 10000, -23.5348]
(6, 6, 6, 6),12,[-337445, 10000, -33.7445]
(6, 6, 6, 6),13,[-240562, 10000, -24.0562]
(6, 6, 6, 6),14,[-241013, 10000, -24.1013]
(6, 6, 6, 6),15,[-241238, 10000, -24.1238]
